0 1024000
1 2044800
2 9984744
3 15898094
4 15490364
5 15081226
6 14667786
7 14251698
8 13841940
9 13420684
10 13008744
11 12612204
12 12208642
13 11818690
14 11465736
15 11118802
16 10793530
17 10488032
18 10203032
19 9932958
20 9670070
21 9414490
22 9172000
23 8927572
24 8692608
25 8469872
26 8250332
27 8042408
28 7845488
29 7647214
30 7449338
31 7264422
32 7082838
33 6909522
34 6730338
35 6564850
36 6410766
37 6259618
38 6102514
39 5970428
40 5826932
41 5697558
42 5569016
43 5448114
44 5326210
45 5210636
46 5095496
47 4975310
48 4871510
49 4761184
50 4659356
51 4554430
52 4449470
53 4355706
54 4252924
55 4164548
56 4080762
57 3986800
58 3907378
59 3823906
60 3740196
61 3663716
62 3588760
63 3513172
64 3442336
65 3372980
66 3295694
67 3234086
68 3169576
69 3103952
70 3040264
71 2978910
72 2917686
73 2860360
74 2801340
75 2740598
76 2682844
77 2625746
78 2578336
79 2523816
80 2471342
81 2423596
82 2368714
83 2322976
84 2276730
85 2232320
86 2187282
87 2142032
88 2099626
89 2055800
90 2014924
91 1977888
92 1933496
93 1894042
94 1852754
95 1812960
96 1773690
97 1737134
98 1698560
99 1662312
100 1623442
101 1588280
102 1553334
103 1520864
104 1485924
105 1454516
106 1423026
107 1392832
108 1362992
109 1329824
110 1304262
111 1276314
112 1245922
113 1222668
114 1192940
115 1168502
116 1141886
117 1118556
118 1093062
119 1070236
120 1048454
121 1022922
122 1003284
123 982826
124 960258
125 942330
126 919516
127 900324
128 882152
129 863352
130 843614
131 827470
132 808484
133 789742
134 776330
135 757792
136 742872
137 728266
138 711444
139 697752
140 681692
141 668822
142 654958
143 640194
144 627114
145 613984
146 602502
147 588242
148 576980
149 563440
150 551718
151 541766
152 529200
153 518904
154 508622
155 497724
156 487306
157 476148
158 466312
159 455994
160 446914
161 438758
162 428858
163 420786
164 411514
165 403630
166 394376
167 385174
168 376722
169 369780
170 361994
171 354154
172 346710
173 339806
174 332440
175 325894
176 319392
177 312134
178 305982
179 300508
180 294106
181 287986
182 282102
183 277140
184 270318
185 264574
186 259726
187 253962
188 249046
189 243554
190 238602
191 233588
192 228840
193 223934
194 219464
195 214374
196 209642
197 206506
198 201402
199 197472
200 193326
201 188856
202 184592
203 181616
204 177556
205 174294
206 169810
207 166210
208 163360
209 159486
210 156326
211 152852
212 149244
213 146356
214 143236
215 139472
216 136396
217 133706
218 130226
219 128590
220 125456
221 122168
222 119326
223 116998
224 113250
225 111326
226 108934
227 106628
228 103736
229 101182
230 99106
231 97138
232 94856
233 92834
234 90256
235 87620
236 85958
237 84246
238 82154
239 79966
240 78352
241 76164
242 74180
243 72836
244 70924
245 68952
246 67210
247 65690
248 63738
249 62410
250 60650
251 59106
252 57434
253 56154
254 54366
255 52914
256 51474
257 50058
258 48534
259 47438
260 45882
261 44946
262 43750
263 42326
264 40910
265 39814
266 38932
267 37704
268 36604
269 35654
270 34892
271 33962
272 32840
273 31900
274 31340
275 30308
276 29440
277 28818
278 27998
279 27158
280 26332
281 25804
282 24966
283 24324
284 23642
285 22944
286 22270
287 21464
288 20678
289 19968
290 19392
291 19078
292 18326
293 17634
294 17112
295 16630
296 16174
297 15856
298 15306
299 14950
300 14588
301 14162
302 13816
303 13446
304 13002
305 12500
306 12150
307 11860
308 11586
309 11246
310 10874
311 10614
312 10314
313 10094
314 9684
315 9572
316 9326
317 9076
318 8826
319 8540
320 8296
321 8058
322 7842
323 7580
324 7328
325 7132
326 6940
327 6726
328 6546
329 6228
330 6044
331 5780
332 5776
333 5584
334 5438
335 5248
336 5084
337 4912
338 4742
339 4600
340 4530
341 4246
342 4124
343 4012
344 3898
345 3722
346 3620
347 3500
348 3380
349 3292
350 3154
351 3120
352 3048
353 2968
354 2930
355 2780
356 2666
357 2604
358 2488
359 2414
360 2360
361 2214
362 2206
363 2134
364 2034
365 1972
366 1888
367 1840
368 1798
369 1674
370 1590
371 1580
372 1502
373 1464
374 1386
375 1330
376 1268
377 1228
378 1150
379 1166
380 1076
381 1068
382 1000
383 948
384 920
385 890
386 850
387 834
388 818
389 794
390 736
391 712
392 660
393 624
394 602
395 588
396 574
397 550
398 550
399 524
400 518
401 492
402 490
403 488
404 472
405 448
406 436
407 416
408 402
409 392
410 400
411 364
412 358
413 336
414 312
415 320
416 312
417 312
418 312
419 312
420 290
421 292
422 286
423 274
424 274
425 264
426 260
427 252
428 240
429 236
430 220
431 214
432 200
433 200
434 182
435 180
436 172
437 160
438 150
439 158
440 134
441 132
442 114
443 104
444 96
445 94
446 74
447 76
448 64
449 64
450 54
451 56
452 46
453 40
454 36
455 34
456 30
457 28
458 20
459 18
460 12
461 10
462 8
463 4
464 0
465 0
466 0
467 0
468 0
469 0
470 0
471 0
472 0
473 0
474 0
475 0
476 0
477 0
478 0
479 0
480 0
481 0
482 0
483 0
484 0
485 0
486 0
487 0
488 0
489 0
490 0
491 0
492 0
493 0
494 0
495 0
496 0
497 0
498 0
499 0
500 0
501 0
502 0
503 0
504 0
505 0
506 0
507 0
508 0
509 0
510 0
511 0
512 0
513 0
514 0
515 0
516 0
517 0
518 0
519 0
520 0
521 0
522 0
523 0
524 0
525 0
526 0
527 0
528 0
529 0
530 0
531 0
532 0
533 0
534 0
535 0
536 0
537 0
538 0
539 0
540 0
541 0
542 0
543 0
544 0
545 0
546 0
547 0
548 0
549 0
550 0
551 0
552 0
553 0
554 0
555 0
556 0
557 0
558 0
559 0
560 0
561 0
562 0
563 0
564 0
565 0
566 0
567 0
568 0
569 0
570 0
571 0
572 0
573 0
574 0
575 0
576 0
577 0
578 0
579 0
580 0
581 0
582 0
583 0
584 0
585 0
586 0
587 0
588 0
589 0
590 0
591 0
592 0
593 0
594 0
595 0
596 0
597 0
598 0
599 0
600 0
601 0
602 0
603 0
604 0
605 0
606 0
607 0
608 0
609 0
610 0
611 0
612 0
613 0
614 0
615 0
616 0
617 0
618 0
619 0
620 0
621 0
622 0
623 0
624 0
625 0
626 0
627 0
628 0
629 0
630 0
631 0
632 0
633 0
634 0
635 0
636 0
637 0
638 0
639 0
