0 2764800
1 5527800
2 28794120
3 47323500
4 47003358
5 46668742
6 46316570
7 45980892
8 45665040
9 45350266
10 45033884
11 44700276
12 44388300
13 44076702
14 43749318
15 43441328
16 43075224
17 42766764
18 42434554
19 42083234
20 41778496
21 41519470
22 41245832
23 40972856
24 40699736
25 40424340
26 40159166
27 39898504
28 39649456
29 39366382
30 39127902
31 38827168
32 38577948
33 38300986
34 38032668
35 37761220
36 37496908
37 37229582
38 36971338
39 36706796
40 36455280
41 36222516
42 35958158
43 35727600
44 35494666
45 35264518
46 35024406
47 34777840
48 34557100
49 34332708
50 34135634
51 33880922
52 33665768
53 33412130
54 33185692
55 32953386
56 32740966
57 32508122
58 32284408
59 32066238
60 31884766
61 31656508
62 31446170
63 31257522
64 31047390
65 30860410
66 30653064
67 30470792
68 30272998
69 30062306
70 29840484
71 29657014
72 29460060
73 29265232
74 29045196
75 28868342
76 28682298
77 28476286
78 28288052
79 28112220
80 27912782
81 27725400
82 27535076
83 27360736
84 27182908
85 27005606
86 26823982
87 26655838
88 26468888
89 26307874
90 26144398
91 25980282
92 25818804
93 25659926
94 25507024
95 25349470
96 25193532
97 25046238
98 24889870
99 24750222
100 24616896
101 24452948
102 24314614
103 24173732
104 24037920
105 23889306
106 23746802
107 23620014
108 23467914
109 23332598
110 23212508
111 23076796
112 22950322
113 22824960
114 22691690
115 22560636
116 22424740
117 22296704
118 22172458
119 22045570
120 21926750
121 21797792
122 21669610
123 21545822
124 21422172
125 21306260
126 21190348
127 21069140
128 20978226
129 20854658
130 20740310
131 20626088
132 20519798
133 20409088
134 20305932
135 20199998
136 20085896
137 19994884
138 19877998
139 19772754
140 19658286
141 19576142
142 19469226
143 19376832
144 19280096
145 19188170
146 19091808
147 18998152
148 18907138
149 18818224
150 18707818
151 18608420
152 18522960
153 18427348
154 18342730
155 18246028
156 18169846
157 18066018
158 17985488
159 17896360
160 17810016
161 17722178
162 17640612
163 17549956
164 17457846
165 17378792
166 17285634
167 17209626
168 17134676
169 17035462
170 16958518
171 16880240
172 16805244
173 16712736
174 16635004
175 16557092
176 16463202
177 16385838
178 16303774
179 16231332
180 16138458
181 16062480
182 15987936
183 15896092
184 15821546
185 15735638
186 15662676
187 15585720
188 15517424
189 15435908
190 15356300
191 15283228
192 15212484
193 15138022
194 15062620
195 14998040
196 14911062
197 14836588
198 14755022
199 14688928
200 14614242
201 14546152
202 14466068
203 14398220
204 14331910
205 14266712
206 14196688
207 14118926
208 14054908
209 13985624
210 13915640
211 13850168
212 13784862
213 13720782
214 13647564
215 13584902
216 13522756
217 13447716
218 13377424
219 13306538
220 13247950
221 13184186
222 13122726
223 13049984
224 12994382
225 12935934
226 12875698
227 12812240
228 12745706
229 12686858
230 12622434
231 12568194
232 12507422
233 12442024
234 12398530
235 12324408
236 12281232
237 12219630
238 12157700
239 12101892
240 12045774
241 11989422
242 11942624
243 11868988
244 11813312
245 11759650
246 11708354
247 11645204
248 11588834
249 11537854
250 11491300
251 11433286
252 11373146
253 11326354
254 11265808
255 11217884
256 11159850
257 11108798
258 11063076
259 11013944
260 10964776
261 10906718
262 10861572
263 10811188
264 10760158
265 10713146
266 10665678
267 10613258
268 10561054
269 10505540
270 10465180
271 10422534
272 10365808
273 10315196
274 10275468
275 10228046
276 10178646
277 10128996
278 10086096
279 10037102
280 10002980
281 9953270
282 9904520
283 9858262
284 9810154
285 9766374
286 9724298
287 9676352
288 9639196
289 9592538
290 9549222
291 9513346
292 9472198
293 9431448
294 9380882
295 9347588
296 9300348
297 9254438
298 9217778
299 9175940
300 9139772
301 9102198
302 9058106
303 9022836
304 8975936
305 8937214
306 8898292
307 8856918
308 8822930
309 8783228
310 8740938
311 8707932
312 8664812
313 8632854
314 8590196
315 8554166
316 8518488
317 8479974
318 8436974
319 8402912
320 8367414
321 8325850
322 8294092
323 8254202
324 8215050
325 8180810
326 8146462
327 8112666
328 8075760
329 8042038
330 8007360
331 7967582
332 7933674
333 7904264
334 7873014
335 7842692
336 7796916
337 7766660
338 7734366
339 7701314
340 7666928
341 7631532
342 7598676
343 7558898
344 7530482
345 7492560
346 7463526
347 7435748
348 7397018
349 7370000
350 7340476
351 7308620
352 7276878
353 7240242
354 7210140
355 7176126
356 7142906
357 7108172
358 7082734
359 7053136
360 7022724
361 6991552
362 6962580
363 6932932
364 6899712
365 6870492
366 6839810
367 6811192
368 6780242
369 6751326
370 6722586
371 6693042
372 6661508
373 6634548
374 6599198
375 6574642
376 6534800
377 6518948
378 6484846
379 6457360
380 6429660
381 6399302
382 6366852
383 6339078
384 6316496
385 6277430
386 6252906
387 6229198
388 6197848
389 6173520
390 6146794
391 6117970
392 6089016
393 6061772
394 6037142
395 6006836
396 5979112
397 5948538
398 5923166
399 5899810
400 5870466
401 5848754
402 5822840
403 5791322
404 5770202
405 5744130
406 5715250
407 5688816
408 5665736
409 5638942
410 5612062
411 5586674
412 5560974
413 5536484
414 5512534
415 5486916
416 5459982
417 5437570
418 5412180
419 5391580
420 5370134
421 5344034
422 5321652
423 5294264
424 5270962
425 5249752
426 5228064
427 5204102
428 5184802
429 5152426
430 5130414
431 5111186
432 5086746
433 5061874
434 5041690
435 5019024
436 4998168
437 4973470
438 4955236
439 4929526
440 4911384
441 4887928
442 4869440
443 4846332
444 4825248
445 4805804
446 4786872
447 4768290
448 4744462
449 4719882
450 4699508
451 4678582
452 4661630
453 4637734
454 4620140
455 4599550
456 4577766
457 4559260
458 4543236
459 4522494
460 4502878
461 4486898
462 4464520
463 4441144
464 4424454
465 4407814
466 4387754
467 4372746
468 4347596
469 4331220
470 4315464
471 4290196
472 4278120
473 4259760
474 4242834
475 4220782
476 4207670
477 4190828
478 4172698
479 4154794
480 4133286
481 4116152
482 4099594
483 4080524
484 4063458
485 4047546
486 4028518
487 4012592
488 3998198
489 3975290
490 3964208
491 3945498
492 3931954
493 3911682
494 3896460
495 3874294
496 3859242
497 3845124
498 3827390
499 3809332
500 3792854
501 3777206
502 3762912
503 3744716
504 3725252
505 3712704
506 3696202
507 3677162
508 3658596
509 3647210
510 3628104
511 3614372
512 3594668
513 3579388
514 3564166
515 3548358
516 3534436
517 3515562
518 3498668
519 3484740
520 3471998
521 3458110
522 3440558
523 3423588
524 3408932
525 3392708
526 3376246
527 3363898
528 3345282
529 3332660
530 3316432
531 3303122
532 3286802
533 3271038
534 3255202
535 3243118
536 3230698
537 3213976
538 3199778
539 3184040
540 3172398
541 3157284
542 3142368
543 3128160
544 3110242
545 3102016
546 3085306
547 3073320
548 3060794
549 3045030
550 3033442
551 3017456
552 3003510
553 2987476
554 2973704
555 2960584
556 2947162
557 2932050
558 2920180
559 2905592
560 2892648
561 2881166
562 2867540
563 2855556
564 2840754
565 2828488
566 2816060
567 2804360
568 2790606
569 2777916
570 2764936
571 2753730
572 2740654
573 2724678
574 2714062
575 2700038
576 2689798
577 2679934
578 2662648
579 2651184
580 2641348
581 2627278
582 2616050
583 2606798
584 2593698
585 2580774
586 2569220
587 2556452
588 2544244
589 2532312
590 2523628
591 2509590
592 2499148
593 2488612
594 2474572
595 2462530
596 2453118
597 2442844
598 2433346
599 2419316
600 2408824
601 2395784
602 2385144
603 2371524
604 2362530
605 2349554
606 2337896
607 2330236
608 2315418
609 2305714
610 2294224
611 2282948
612 2272376
613 2263678
614 2249604
615 2242512
616 2229558
617 2220872
618 2209398
619 2201680
620 2188562
621 2180342
622 2170134
623 2158992
624 2146354
625 2138084
626 2125864
627 2117130
628 2104282
629 2096852
630 2084880
631 2075890
632 2063252
633 2055354
634 2044332
635 2034028
636 2024958
637 2013136
638 2003556
639 1995060
640 1988276
641 1976388
642 1969056
643 1958086
644 1947932
645 1939524
646 1927614
647 1922884
648 1909088
649 1901742
650 1894954
651 1884252
652 1874184
653 1864504
654 1854304
655 1846634
656 1836942
657 1829098
658 1821090
659 1810024
660 1801546
661 1793260
662 1784834
663 1774274
664 1764468
665 1758940
666 1750072
667 1738142
668 1730370
669 1724242
670 1714858
671 1705462
672 1696088
673 1691388
674 1681574
675 1673376
676 1665992
677 1660184
678 1649626
679 1643332
680 1635832
681 1626362
682 1620884
683 1612688
684 1604780
685 1596058
686 1587544
687 1580548
688 1571284
689 1566112
690 1557952
691 1550944
692 1542380
693 1537594
694 1526838
695 1521420
696 1515570
697 1506192
698 1499492
699 1491110
700 1485540
701 1477476
702 1472578
703 1461180
704 1456454
705 1449996
706 1441986
707 1436342
708 1430058
709 1422716
710 1417460
711 1410244
712 1403146
713 1398256
714 1390324
715 1383008
716 1378998
717 1372698
718 1365098
719 1358178
720 1354424
721 1348816
722 1342162
723 1334722
724 1331278
725 1324786
726 1316238
727 1312126
728 1306158
729 1302146
730 1294792
731 1292120
732 1283406
733 1279954
734 1271824
735 1267818
736 1261420
737 1256330
738 1247702
739 1244546
740 1239120
741 1233134
742 1228304
743 1222428
744 1217318
745 1212256
746 1207214
747 1201908
748 1197492
749 1191852
750 1186364
751 1180484
752 1174478
753 1169444
754 1166200
755 1160948
756 1154076
757 1151236
758 1144724
759 1140952
760 1135806
761 1127762
762 1123326
763 1117794
764 1113394
765 1108662
766 1102194
767 1098206
768 1094038
769 1088612
770 1086552
771 1079918
772 1076250
773 1070584
774 1065900
775 1061148
776 1056744
777 1052568
778 1046342
779 1043898
780 1037900
781 1033368
782 1029532
783 1026226
784 1020150
785 1015104
786 1011038
787 1005938
788 1002650
789 997340
790 992314
791 987932
792 982958
793 980112
794 976658
795 971910
796 967136
797 960850
798 958476
799 954218
800 948502
801 945116
802 940542
803 936430
804 933702
805 928290
806 925102
807 921160
808 917080
809 910718
810 909294
811 902908
812 898882
813 895462
814 890872
815 887090
816 883462
817 878592
818 873708
819 871324
820 867002
821 863480
822 858720
823 854602
824 849980
825 847334
826 843006
827 838502
828 834782
829 830548
830 826718
831 822882
832 818816
833 814402
834 811306
835 805662
836 802352
837 799006
838 796552
839 791746
840 786242
841 783482
842 779698
843 777394
844 774528
845 769278
846 765274
847 763086
848 759548
849 756340
850 752874
851 748106
852 746308
853 742170
854 740588
855 736878
856 732096
857 727812
858 724360
859 721310
860 718204
861 715216
862 712332
863 708390
864 705148
865 703164
866 698094
867 695662
868 693724
869 690002
870 686364
871 684098
872 680384
873 675868
874 673108
875 671430
876 666956
877 664088
878 660906
879 659222
880 654114
881 651402
882 649214
883 644318
884 641658
885 638724
886 635382
887 634232
888 630174
889 627230
890 624026
891 621020
892 617694
893 615100
894 612508
895 608882
896 605146
897 603894
898 600926
899 597068
900 594678
901 591260
902 589224
903 586886
904 582976
905 581274
906 577824
907 573956
908 571324
909 569310
910 566768
911 565342
912 562126
913 559896
914 556810
915 553372
916 551284
917 549506
918 546638
919 543360
920 541540
921 539804
922 536540
923 533344
924 531398
925 528978
926 526084
927 524110
928 521518
929 519188
930 516916
931 514484
932 511512
933 509310
934 507290
935 505196
936 501742
937 500474
938 498076
939 494714
940 492680
941 489884
942 487778
943 485694
944 482856
945 480992
946 478726
947 475984
948 473946
949 473344
950 470682
951 468314
952 466036
953 464090
954 462128
955 459184
956 457634
957 454566
958 454056
959 450706
960 447808
961 446146
962 444242
963 441980
964 440924
965 436692
966 436042
967 433602
968 431982
969 429488
970 427174
971 424778
972 422968
973 422012
974 419598
975 416600
976 414918
977 412038
978 410318
979 408872
980 406364
981 403646
982 401652
983 400360
984 397996
985 395992
986 393318
987 392344
988 390240
989 388180
990 386708
991 384648
992 381702
993 379940
994 379626
995 377456
996 374984
997 372996
998 371858
999 369926
1000 367820
1001 365934
1002 363354
1003 362358
1004 360454
1005 358640
1006 356288
1007 354386
1008 351940
1009 350666
1010 348690
1011 347540
1012 345824
1013 343834
1014 341668
1015 339830
1016 338088
1017 337594
1018 335034
1019 334080
1020 332518
1021 330418
1022 329470
1023 327626
1024 327030
1025 324076
1026 323462
1027 321434
1028 320020
1029 318220
1030 316798
1031 314958
1032 313634
1033 311392
1034 309828
1035 309534
1036 307770
1037 306156
1038 304942
1039 303052
1040 301870
1041 299304
1042 298756
1043 297368
1044 296346
1045 294772
1046 292844
1047 291696
1048 290698
1049 289248
1050 287826
1051 285488
1052 283880
1053 282726
1054 281964
1055 279898
1056 279166
1057 278200
1058 276834
1059 275680
1060 275022
1061 272686
1062 271698
1063 270528
1064 269048
1065 268002
1066 267706
1067 265296
1068 264760
1069 263120
1070 261902
1071 260426
1072 259186
1073 257764
1074 257744
1075 255598
1076 254406
1077 252932
1078 251534
1079 250694
1080 249228
1081 249792
1082 247322
1083 246290
1084 245594
1085 244386
1086 243230
1087 241974
1088 240478
1089 240002
1090 239052
1091 237954
1092 236020
1093 235308
1094 234320
1095 232946
1096 232022
1097 230772
1098 230042
1099 228728
1100 227552
1101 226950
1102 225378
1103 225118
1104 223376
1105 223016
1106 221912
1107 220838
1108 219614
1109 218990
1110 217802
1111 216502
1112 216026
1113 214446
1114 213656
1115 212852
1116 211446
1117 210818
1118 209376
1119 208302
1120 207964
1121 207064
1122 205404
1123 204786
1124 204218
1125 203766
1126 202432
1127 201186
1128 200604
1129 199240
1130 198766
1131 197186
1132 196068
1133 195798
1134 194356
1135 194494
1136 192586
1137 192010
1138 190194
1139 189928
1140 188914
1141 188502
1142 186696
1143 186508
1144 185870
1145 185002
1146 183632
1147 182696
1148 182388
1149 181232
1150 180880
1151 179546
1152 178624
1153 178318
1154 177212
1155 176680
1156 175570
1157 174450
1158 173910
1159 173028
1160 172916
1161 171242
1162 170234
1163 169770
1164 168620
1165 168386
1166 167302
1167 166204
1168 165388
1169 164624
1170 164484
1171 163742
1172 162534
1173 162090
1174 161098
1175 160012
1176 158726
1177 158236
1178 157952
1179 156700
1180 156798
1181 155070
1182 154878
1183 153896
1184 153408
1185 152458
1186 152148
1187 150980
1188 150848
1189 149756
1190 149266
1191 148360
1192 147684
1193 147612
1194 146380
1195 146236
1196 145210
1197 144456
1198 143536
1199 142966
1200 142238
1201 141854
1202 141140
1203 140580
1204 140796
1205 138744
1206 138746
1207 138168
1208 137258
1209 136790
1210 135910
1211 136028
1212 134548
1213 134582
1214 133772
1215 133408
1216 132642
1217 132038
1218 131048
1219 130896
1220 129988
1221 129148
1222 128256
1223 127964
1224 127862
1225 126794
1226 126628
1227 126070
1228 125100
1229 124422
1230 123752
1231 123700
1232 122670
1233 122164
1234 121570
1235 121072
1236 120614
1237 120140
1238 119446
1239 118670
1240 118086
1241 118322
1242 117412
1243 116898
1244 116392
1245 115708
1246 114908
1247 115198
1248 114390
1249 113772
1250 113458
1251 112710
1252 111958
1253 110990
1254 110910
1255 110896
1256 109768
1257 109462
1258 109206
1259 108318
1260 108350
1261 107246
1262 106892
1263 106740
1264 106100
1265 105550
1266 105210
1267 104700
1268 104320
1269 103438
1270 103352
1271 102854
1272 102142
1273 101990
1274 101642
1275 100788
1276 100886
1277 100018
1278 99662
1279 98986
1280 98836
1281 98542
1282 97792
1283 97328
1284 96926
1285 96116
1286 96024
1287 95430
1288 94824
1289 94284
1290 94404
1291 93566
1292 93160
1293 92870
1294 92056
1295 92466
1296 91606
1297 91148
1298 90976
1299 90720
1300 90566
1301 89742
1302 89860
1303 89392
1304 88816
1305 88042
1306 88262
1307 87574
1308 87554
1309 86876
1310 86194
1311 85876
1312 85400
1313 85444
1314 85136
1315 84868
1316 84916
1317 84310
1318 83774
1319 83512
1320 82954
1321 82930
1322 81998
1323 81956
1324 82058
1325 81406
1326 80954
1327 80566
1328 80182
1329 79870
1330 79764
1331 79006
1332 78890
1333 78448
1334 78250
1335 77382
1336 77518
1337 77014
1338 76804
1339 76872
1340 76200
1341 75448
1342 75458
1343 75032
1344 74404
1345 74412
1346 73934
1347 73932
1348 73354
1349 72660
1350 72626
1351 72448
1352 72312
1353 71438
1354 71372
1355 71082
1356 70478
1357 70122
1358 69988
1359 69796
1360 69804
1361 69224
1362 68856
1363 68504
1364 67930
1365 68026
1366 67394
1367 67106
1368 67074
1369 66670
1370 66254
1371 66004
1372 65602
1373 65288
1374 65026
1375 64896
1376 64632
1377 64134
1378 64058
1379 63568
1380 63246
1381 62950
1382 62632
1383 62470
1384 61856
1385 61792
1386 61220
1387 60838
1388 60838
1389 60220
1390 60066
1391 59888
1392 59552
1393 59472
1394 59072
1395 58758
1396 58274
1397 57880
1398 57584
1399 57590
1400 57404
1401 57160
1402 56874
1403 56338
1404 56156
1405 55720
1406 55746
1407 55338
1408 55036
1409 54746
1410 54162
1411 54116
1412 53520
1413 53216
1414 53128
1415 52766
1416 52716
1417 52366
1418 52048
1419 51796
1420 51254
1421 51190
1422 51114
1423 50496
1424 50076
1425 50032
1426 49834
1427 49512
1428 49194
1429 48870
1430 48632
1431 48630
1432 48016
1433 47808
1434 47778
1435 47748
1436 47004
1437 46878
1438 46580
1439 46394
1440 46312
1441 45822
1442 45490
1443 45502
1444 45004
1445 44970
1446 44638
1447 44112
1448 44400
1449 43838
1450 43718
1451 43324
1452 43120
1453 43116
1454 42678
1455 42504
1456 42370
1457 41948
1458 42000
1459 41792
1460 41412
1461 41270
1462 40904
1463 40608
1464 40764
1465 40330
1466 40026
1467 39810
1468 39498
1469 39396
1470 39052
1471 38826
1472 38908
1473 38450
1474 38010
1475 38084
1476 37956
1477 37584
1478 37340
1479 37500
1480 37000
1481 36858
1482 36480
1483 36244
1484 36132
1485 35876
1486 35596
1487 35274
1488 35096
1489 35082
1490 34780
1491 34550
1492 34232
1493 34090
1494 33758
1495 33580
1496 33690
1497 33452
1498 33028
1499 32676
1500 32538
1501 32566
1502 32218
1503 32076
1504 31840
1505 31688
1506 31330
1507 31144
1508 30898
1509 30974
1510 30594
1511 30426
1512 30084
1513 29898
1514 29770
1515 29528
1516 29588
1517 29352
1518 29088
1519 28808
1520 28702
1521 28500
1522 28368
1523 28148
1524 27916
1525 27618
1526 27602
1527 27222
1528 27192
1529 26960
1530 26770
1531 26604
1532 26548
1533 26178
1534 25968
1535 26000
1536 25860
1537 25728
1538 25318
1539 25530
1540 25204
1541 25156
1542 24886
1543 24782
1544 24564
1545 24526
1546 24176
1547 24194
1548 24022
1549 23824
1550 23574
1551 23526
1552 23372
1553 23294
1554 23140
1555 22790
1556 22786
1557 22536
1558 22382
1559 22344
1560 22046
1561 22018
1562 21846
1563 21748
1564 21458
1565 21358
1566 21284
1567 21230
1568 21004
1569 20798
1570 20776
1571 20654
1572 20282
1573 20316
1574 20010
1575 20052
1576 19878
1577 19832
1578 19468
1579 19460
1580 19314
1581 19204
1582 18954
1583 18758
1584 18620
1585 18504
1586 18140
1587 18172
1588 17864
1589 17912
1590 17464
1591 17456
1592 17356
1593 17214
1594 17020
1595 16912
1596 16772
1597 16612
1598 16468
1599 16240
1600 16280
1601 16174
1602 15992
1603 15712
1604 15698
1605 15532
1606 15540
1607 15344
1608 15260
1609 15104
1610 14880
1611 14818
1612 14684
1613 14586
1614 14452
1615 14298
1616 14298
1617 14002
1618 13990
1619 13956
1620 13866
1621 13662
1622 13654
1623 13516
1624 13410
1625 13222
1626 13118
1627 13002
1628 13054
1629 12772
1630 12674
1631 12488
1632 12464
1633 12506
1634 12160
1635 12174
1636 11954
1637 11842
1638 11872
1639 11824
1640 11780
1641 11706
1642 11482
1643 11438
1644 11396
1645 11234
1646 11178
1647 11026
1648 11042
1649 10874
1650 10848
1651 10768
1652 10740
1653 10524
1654 10508
1655 10392
1656 10348
1657 10352
1658 10282
1659 10136
1660 10062
1661 10072
1662 10060
1663 9886
1664 9788
1665 9652
1666 9760
1667 9600
1668 9584
1669 9496
1670 9374
1671 9386
1672 9282
1673 9242
1674 9104
1675 9078
1676 8944
1677 8908
1678 8952
1679 8726
1680 8728
1681 8738
1682 8686
1683 8648
1684 8570
1685 8452
1686 8294
1687 8308
1688 8238
1689 8218
1690 8138
1691 8082
1692 8016
1693 7862
1694 7906
1695 7808
1696 7768
1697 7610
1698 7578
1699 7646
1700 7458
1701 7398
1702 7316
1703 7298
1704 7238
1705 7110
1706 7088
1707 7114
1708 7022
1709 6948
1710 6864
1711 6832
1712 6780
1713 6606
1714 6578
1715 6512
1716 6536
1717 6384
1718 6406
1719 6380
1720 6258
1721 6172
1722 6150
1723 6130
1724 6002
1725 5952
1726 5870
1727 5856
1728 5750
1729 5678
1730 5600
1731 5592
1732 5568
1733 5510
1734 5382
1735 5320
1736 5272
1737 5236
1738 5178
1739 5108
1740 5048
1741 4934
1742 4848
1743 4822
1744 4676
1745 4644
1746 4520
1747 4546
1748 4504
1749 4388
1750 4398
1751 4328
1752 4292
1753 4258
1754 4210
1755 4066
1756 4062
1757 4006
1758 3972
1759 3940
1760 3890
1761 3762
1762 3726
1763 3694
1764 3660
1765 3546
1766 3472
1767 3414
1768 3404
1769 3332
1770 3314
1771 3234
1772 3212
1773 3142
1774 3100
1775 3026
1776 3038
1777 2998
1778 2962
1779 2928
1780 2960
1781 2856
1782 2868
1783 2840
1784 2846
1785 2790
1786 2752
1787 2770
1788 2696
1789 2664
1790 2574
1791 2596
1792 2558
1793 2552
1794 2488
1795 2460
1796 2456
1797 2442
1798 2410
1799 2426
1800 2362
1801 2388
1802 2326
1803 2378
1804 2274
1805 2322
1806 2292
1807 2288
1808 2258
1809 2266
1810 2202
1811 2198
1812 2170
1813 2206
1814 2192
1815 2124
1816 2108
1817 2054
1818 2046
1819 1982
1820 2032
1821 1992
1822 1908
1823 1938
1824 1922
1825 1940
1826 1860
1827 1830
1828 1832
1829 1786
1830 1786
1831 1764
1832 1726
1833 1728
1834 1656
1835 1682
1836 1626
1837 1652
1838 1646
1839 1614
1840 1572
1841 1572
1842 1498
1843 1520
1844 1520
1845 1516
1846 1506
1847 1448
1848 1448
1849 1460
1850 1424
1851 1464
1852 1412
1853 1390
1854 1356
1855 1330
1856 1322
1857 1324
1858 1306
1859 1278
1860 1264
1861 1264
1862 1244
1863 1194
1864 1200
1865 1186
1866 1174
1867 1152
1868 1174
1869 1144
1870 1120
1871 1088
1872 1102
1873 1086
1874 1092
1875 1080
1876 1058
1877 984
1878 1014
1879 970
1880 986
1881 946
1882 948
1883 912
1884 934
1885 876
1886 912
1887 838
1888 862
1889 824
1890 824
1891 778
1892 778
1893 754
1894 756
1895 750
1896 744
1897 744
1898 734
1899 740
1900 738
1901 734
1902 748
1903 748
1904 722
1905 714
1906 710
1907 732
1908 704
1909 724
1910 692
1911 692
1912 668
1913 734
1914 674
1915 680
1916 666
1917 694
1918 656
1919 668
1920 648
1921 682
1922 630
1923 674
1924 650
1925 676
1926 640
1927 648
1928 632
1929 628
1930 604
1931 596
1932 600
1933 618
1934 608
1935 606
1936 610
1937 610
1938 594
1939 582
1940 604
1941 574
1942 596
1943 564
1944 582
1945 552
1946 566
1947 538
1948 564
1949 532
1950 560
1951 526
1952 526
1953 518
1954 538
1955 514
1956 534
1957 506
1958 516
1959 510
1960 528
1961 504
1962 502
1963 494
1964 492
1965 482
1966 476
1967 474
1968 458
1969 488
1970 464
1971 470
1972 454
1973 458
1974 438
1975 442
1976 434
1977 458
1978 424
1979 442
1980 420
1981 418
1982 410
1983 410
1984 396
1985 414
1986 400
1987 388
1988 384
1989 400
1990 368
1991 386
1992 386
1993 388
1994 374
1995 360
1996 376
1997 344
1998 350
1999 340
2000 348
2001 324
2002 330
2003 326
2004 330
2005 318
2006 312
2007 298
2008 306
2009 294
2010 298
2011 288
2012 312
2013 286
2014 296
2015 278
2016 290
2017 272
2018 262
2019 252
2020 262
2021 246
2022 242
2023 242
2024 238
2025 238
2026 234
2027 226
2028 218
2029 226
2030 214
2031 210
2032 202
2033 204
2034 192
2035 202
2036 194
2037 200
2038 188
2039 186
2040 174
2041 166
2042 166
2043 154
2044 148
2045 156
2046 146
2047 140
2048 132
2049 144
2050 120
2051 124
2052 110
2053 110
2054 100
2055 96
2056 96
2057 80
2058 82
2059 74
2060 76
2061 68
2062 66
2063 62
2064 56
2065 52
2066 48
2067 46
2068 36
2069 36
2070 32
2071 34
2072 30
2073 26
2074 26
2075 14
2076 14
2077 6
2078 4
2079 0
2080 0
2081 0
2082 0
2083 0
2084 0
2085 0
2086 0
2087 0
2088 0
2089 0
2090 0
2091 0
2092 0
2093 0
2094 0
2095 0
2096 0
2097 0
2098 0
2099 0
2100 0
2101 0
2102 0
2103 0
2104 0
2105 0
2106 0
2107 0
2108 0
2109 0
2110 0
2111 0
2112 0
2113 0
2114 0
2115 0
2116 0
2117 0
2118 0
2119 0
2120 0
2121 0
2122 0
2123 0
2124 0
2125 0
2126 0
2127 0
2128 0
2129 0
2130 0
2131 0
2132 0
2133 0
2134 0
2135 0
2136 0
2137 0
2138 0
2139 0
2140 0
2141 0
2142 0
2143 0
2144 0
2145 0
2146 0
2147 0
2148 0
2149 0
2150 0
2151 0
2152 0
2153 0
2154 0
2155 0
2156 0
2157 0
2158 0
2159 0
2160 0
2161 0
2162 0
2163 0
2164 0
2165 0
2166 0
2167 0
2168 0
2169 0
2170 0
2171 0
2172 0
2173 0
2174 0
2175 0
2176 0
2177 0
2178 0
2179 0
2180 0
2181 0
2182 0
2183 0
2184 0
2185 0
2186 0
2187 0
2188 0
2189 0
2190 0
2191 0
2192 0
2193 0
2194 0
2195 0
2196 0
2197 0
2198 0
2199 0
2200 0
2201 0
2202 0
2203 0
2204 0
2205 0
2206 0
2207 0
2208 0
2209 0
2210 0
2211 0
2212 0
2213 0
2214 0
2215 0
2216 0
2217 0
2218 0
2219 0
2220 0
2221 0
2222 0
2223 0
2224 0
2225 0
2226 0
2227 0
2228 0
2229 0
2230 0
2231 0
2232 0
2233 0
2234 0
2235 0
2236 0
2237 0
2238 0
2239 0
2240 0
2241 0
2242 0
2243 0
2244 0
2245 0
2246 0
2247 0
2248 0
2249 0
2250 0
2251 0
2252 0
2253 0
2254 0
2255 0
2256 0
2257 0
2258 0
2259 0
2260 0
2261 0
2262 0
2263 0
2264 0
2265 0
2266 0
2267 0
2268 0
2269 0
2270 0
2271 0
2272 0
2273 0
2274 0
2275 0
2276 0
2277 0
2278 0
2279 0
2280 0
2281 0
2282 0
2283 0
2284 0
2285 0
2286 0
2287 0
2288 0
2289 0
2290 0
2291 0
2292 0
2293 0
2294 0
2295 0
2296 0
2297 0
2298 0
2299 0
2300 0
2301 0
2302 0
2303 0
2304 0
2305 0
2306 0
2307 0
2308 0
2309 0
2310 0
2311 0
2312 0
2313 0
2314 0
2315 0
2316 0
2317 0
2318 0
2319 0
2320 0
2321 0
2322 0
2323 0
2324 0
2325 0
2326 0
2327 0
2328 0
2329 0
2330 0
2331 0
2332 0
2333 0
2334 0
2335 0
2336 0
2337 0
2338 0
2339 0
2340 0
2341 0
2342 0
2343 0
2344 0
2345 0
2346 0
2347 0
2348 0
2349 0
2350 0
2351 0
2352 0
2353 0
2354 0
2355 0
2356 0
2357 0
2358 0
2359 0
2360 0
2361 0
2362 0
2363 0
2364 0
2365 0
2366 0
2367 0
2368 0
2369 0
2370 0
2371 0
2372 0
2373 0
2374 0
2375 0
2376 0
2377 0
2378 0
2379 0
2380 0
2381 0
2382 0
2383 0
2384 0
2385 0
2386 0
2387 0
2388 0
2389 0
2390 0
2391 0
2392 0
2393 0
2394 0
2395 0
2396 0
2397 0
2398 0
2399 0
2400 0
2401 0
2402 0
2403 0
2404 0
2405 0
2406 0
2407 0
2408 0
2409 0
2410 0
2411 0
2412 0
2413 0
2414 0
2415 0
2416 0
2417 0
2418 0
2419 0
2420 0
2421 0
2422 0
2423 0
2424 0
2425 0
2426 0
2427 0
2428 0
2429 0
2430 0
2431 0
2432 0
2433 0
2434 0
2435 0
2436 0
2437 0
2438 0
2439 0
2440 0
2441 0
2442 0
2443 0
2444 0
2445 0
2446 0
2447 0
2448 0
2449 0
2450 0
2451 0
2452 0
2453 0
2454 0
2455 0
2456 0
2457 0
2458 0
2459 0
2460 0
2461 0
2462 0
2463 0
2464 0
2465 0
2466 0
2467 0
2468 0
2469 0
2470 0
2471 0
2472 0
2473 0
2474 0
2475 0
2476 0
2477 0
2478 0
2479 0
2480 0
2481 0
2482 0
2483 0
2484 0
2485 0
2486 0
2487 0
2488 0
2489 0
2490 0
2491 0
2492 0
2493 0
2494 0
2495 0
2496 0
2497 0
2498 0
2499 0
2500 0
2501 0
2502 0
2503 0
2504 0
2505 0
2506 0
2507 0
2508 0
2509 0
2510 0
2511 0
2512 0
2513 0
2514 0
2515 0
2516 0
2517 0
2518 0
2519 0
2520 0
2521 0
2522 0
2523 0
2524 0
2525 0
2526 0
2527 0
2528 0
2529 0
2530 0
2531 0
2532 0
2533 0
2534 0
2535 0
2536 0
2537 0
2538 0
2539 0
2540 0
2541 0
2542 0
2543 0
2544 0
2545 0
2546 0
2547 0
2548 0
2549 0
2550 0
2551 0
2552 0
2553 0
2554 0
2555 0
2556 0
2557 0
2558 0
2559 0
2560 0
2561 0
2562 0
2563 0
2564 0
2565 0
2566 0
2567 0
2568 0
2569 0
2570 0
2571 0
2572 0
2573 0
2574 0
2575 0
2576 0
2577 0
2578 0
2579 0
2580 0
2581 0
2582 0
2583 0
2584 0
2585 0
2586 0
2587 0
2588 0
2589 0
2590 0
2591 0
2592 0
2593 0
2594 0
2595 0
2596 0
2597 0
2598 0
2599 0
2600 0
2601 0
2602 0
2603 0
2604 0
2605 0
2606 0
2607 0
2608 0
2609 0
2610 0
2611 0
2612 0
2613 0
2614 0
2615 0
2616 0
2617 0
2618 0
2619 0
2620 0
2621 0
2622 0
2623 0
2624 0
2625 0
2626 0
2627 0
2628 0
2629 0
2630 0
2631 0
2632 0
2633 0
2634 0
2635 0
2636 0
2637 0
2638 0
2639 0
2640 0
2641 0
2642 0
2643 0
2644 0
2645 0
2646 0
2647 0
2648 0
2649 0
2650 0
2651 0
2652 0
2653 0
2654 0
2655 0
2656 0
2657 0
2658 0
2659 0
2660 0
2661 0
2662 0
2663 0
2664 0
2665 0
2666 0
2667 0
2668 0
2669 0
2670 0
2671 0
2672 0
2673 0
2674 0
2675 0
2676 0
2677 0
2678 0
2679 0
2680 0
2681 0
2682 0
2683 0
2684 0
2685 0
2686 0
2687 0
2688 0
2689 0
2690 0
2691 0
2692 0
2693 0
2694 0
2695 0
2696 0
2697 0
2698 0
2699 0
2700 0
2701 0
2702 0
2703 0
2704 0
2705 0
2706 0
2707 0
2708 0
2709 0
2710 0
2711 0
2712 0
2713 0
2714 0
2715 0
2716 0
2717 0
2718 0
2719 0
2720 0
2721 0
2722 0
2723 0
2724 0
2725 0
2726 0
2727 0
2728 0
2729 0
2730 0
2731 0
2732 0
2733 0
2734 0
2735 0
2736 0
2737 0
2738 0
2739 0
2740 0
2741 0
2742 0
2743 0
2744 0
2745 0
2746 0
2747 0
2748 0
2749 0
2750 0
2751 0
2752 0
2753 0
2754 0
2755 0
2756 0
2757 0
2758 0
2759 0
2760 0
2761 0
2762 0
2763 0
2764 0
2765 0
2766 0
2767 0
2768 0
2769 0
2770 0
2771 0
2772 0
2773 0
2774 0
2775 0
2776 0
2777 0
2778 0
2779 0
2780 0
2781 0
2782 0
2783 0
2784 0
2785 0
2786 0
2787 0
2788 0
2789 0
2790 0
2791 0
2792 0
2793 0
2794 0
2795 0
2796 0
2797 0
2798 0
2799 0
2800 0
2801 0
2802 0
2803 0
2804 0
2805 0
2806 0
2807 0
2808 0
2809 0
2810 0
2811 0
2812 0
2813 0
2814 0
2815 0
2816 0
2817 0
2818 0
2819 0
2820 0
2821 0
2822 0
2823 0
2824 0
2825 0
2826 0
2827 0
2828 0
2829 0
2830 0
2831 0
2832 0
2833 0
2834 0
2835 0
2836 0
2837 0
2838 0
2839 0
2840 0
2841 0
2842 0
2843 0
2844 0
2845 0
2846 0
2847 0
2848 0
2849 0
2850 0
2851 0
2852 0
2853 0
2854 0
2855 0
2856 0
2857 0
2858 0
2859 0
2860 0
2861 0
2862 0
2863 0
2864 0
2865 0
2866 0
2867 0
2868 0
2869 0
2870 0
2871 0
2872 0
2873 0
2874 0
2875 0
2876 0
2877 0
2878 0
2879 0
2880 0
2881 0
2882 0
2883 0
2884 0
2885 0
2886 0
2887 0
2888 0
2889 0
2890 0
2891 0
2892 0
2893 0
2894 0
2895 0
2896 0
2897 0
2898 0
2899 0
2900 0
2901 0
2902 0
2903 0
2904 0
2905 0
2906 0
2907 0
2908 0
2909 0
2910 0
2911 0
2912 0
2913 0
2914 0
2915 0
2916 0
2917 0
2918 0
2919 0
2920 0
2921 0
2922 0
2923 0
2924 0
2925 0
2926 0
2927 0
2928 0
2929 0
2930 0
2931 0
2932 0
2933 0
2934 0
2935 0
2936 0
2937 0
2938 0
2939 0
2940 0
2941 0
2942 0
2943 0
2944 0
2945 0
2946 0
2947 0
2948 0
2949 0
2950 0
2951 0
2952 0
2953 0
2954 0
2955 0
2956 0
2957 0
2958 0
2959 0
2960 0
2961 0
2962 0
2963 0
2964 0
2965 0
2966 0
2967 0
2968 0
2969 0
2970 0
2971 0
2972 0
2973 0
2974 0
2975 0
2976 0
2977 0
2978 0
2979 0
2980 0
2981 0
2982 0
2983 0
2984 0
2985 0
2986 0
2987 0
2988 0
2989 0
2990 0
2991 0
2992 0
2993 0
2994 0
2995 0
2996 0
2997 0
2998 0
2999 0
3000 0
3001 0
3002 0
3003 0
3004 0
3005 0
3006 0
3007 0
3008 0
3009 0
3010 0
3011 0
3012 0
3013 0
3014 0
3015 0
3016 0
3017 0
3018 0
3019 0
3020 0
3021 0
3022 0
3023 0
3024 0
3025 0
3026 0
3027 0
3028 0
3029 0
3030 0
3031 0
3032 0
3033 0
3034 0
3035 0
3036 0
3037 0
3038 0
3039 0
3040 0
3041 0
3042 0
3043 0
3044 0
3045 0
3046 0
3047 0
3048 0
3049 0
3050 0
3051 0
3052 0
3053 0
3054 0
3055 0
3056 0
3057 0
3058 0
3059 0
3060 0
3061 0
3062 0
3063 0
3064 0
3065 0
3066 0
3067 0
3068 0
3069 0
3070 0
3071 0
