0 8294400
1 16587000
2 88923866
3 147553740
4 147027076
5 146517346
6 146075802
7 145599956
8 145089226
9 144572194
10 144136294
11 143639866
12 143169662
13 142675622
14 142188170
15 141694890
16 141248200
17 140734068
18 140239072
19 139715840
20 139216536
21 138738288
22 138250616
23 137784074
24 137283962
25 136748924
26 136276288
27 135797788
28 135305400
29 134815566
30 134317624
31 133809796
32 133293174
33 132770494
34 132326132
35 131869424
36 131403386
37 130894292
38 130400252
39 129934278
40 129442058
41 128960800
42 128475022
43 127981516
44 127528434
45 127040434
46 126517502
47 126075388
48 125765456
49 125455018
50 125147648
51 124803410
52 124504590
53 124204184
54 123867102
55 123541176
56 123226238
57 122893236
58 122571100
59 122280310
60 121947004
61 121629564
62 121312336
63 121014104
64 120661664
65 120360442
66 120029900
67 119711806
68 119427048
69 119086442
70 118734760
71 118443568
72 118135956
73 117784054
74 117467968
75 117142534
76 116814360
77 116480004
78 116200844
79 115840264
80 115540972
81 115225226
82 114937724
83 114633620
84 114363642
85 114037206
86 113784588
87 113470674
88 113170540
89 112898838
90 112572056
91 112334386
92 112019934
93 111723020
94 111431078
95 111160344
96 110863374
97 110601128
98 110317766
99 110058438
100 109829810
101 109571532
102 109300790
103 109057826
104 108812786
105 108574880
106 108356296
107 108092342
108 107912496
109 107656584
110 107400286
111 107176562
112 106918832
113 106713518
114 106451558
115 106244128
116 106025566
117 105752906
118 105490048
119 105293140
120 105054522
121 104800622
122 104581410
123 104317942
124 104112960
125 103842314
126 103611324
127 103403518
128 103176944
129 102951122
130 102742412
131 102542248
132 102304874
133 102095390
134 101895354
135 101705510
136 101515358
137 101306102
138 101110836
139 100919884
140 100711254
141 100522728
142 100326466
143 100122536
144 99921354
145 99723172
146 99555020
147 99388862
148 99178682
149 99023708
150 98808070
151 98625530
152 98469108
153 98269786
154 98086280
155 97884532
156 97681626
157 97506594
158 97334166
159 97140034
160 96946742
161 96783576
162 96572504
163 96380386
164 96183810
165 96019656
166 95787260
167 95623452
168 95426708
169 95257778
170 95069462
171 94847386
172 94688318
173 94513720
174 94307618
175 94122880
176 93922976
177 93747792
178 93570138
179 93407974
180 93213094
181 93036860
182 92862040
183 92678874
184 92508294
185 92345554
186 92171856
187 91981954
188 91821038
189 91640010
190 91486708
191 91304910
192 91157056
193 90965390
194 90799366
195 90672980
196 90476518
197 90322398
198 90158672
199 89976002
200 89813622
201 89644098
202 89482196
203 89301410
204 89131920
205 88980540
206 88813208
207 88641302
208 88475070
209 88317514
210 88152744
211 87968612
212 87804236
213 87648732
214 87462770
215 87328406
216 87137072
217 86965036
218 86810746
219 86667278
220 86488078
221 86334934
222 86157672
223 85969374
224 85828812
225 85664516
226 85495858
227 85345266
228 85170936
229 85003856
230 84852932
231 84681154
232 84533682
233 84363312
234 84196446
235 84047658
236 83902194
237 83706078
238 83570760
239 83402798
240 83209018
241 83052338
242 82916414
243 82737792
244 82580316
245 82424046
246 82253020
247 82096226
248 81952450
249 81798136
250 81621068
251 81491004
252 81340636
253 81181384
254 81011796
255 80873320
256 80725680
257 80591198
258 80402944
259 80264466
260 80111426
261 79967518
262 79821378
263 79663124
264 79498360
265 79362926
266 79213062
267 79070630
268 78892724
269 78716054
270 78585236
271 78441436
272 78258654
273 78114374
274 77981494
275 77828678
276 77668578
277 77531628
278 77389292
279 77247608
280 77082044
281 76960302
282 76812924
283 76653360
284 76504722
285 76373164
286 76243424
287 76071908
288 75930808
289 75793880
290 75639796
291 75486020
292 75360608
293 75186330
294 75066286
295 74905018
296 74803938
297 74618282
298 74529292
299 74368148
300 74196516
301 74092668
302 73943090
303 73819932
304 73671574
305 73537568
306 73413478
307 73272874
308 73141108
309 72969684
310 72854164
311 72703470
312 72601584
313 72463994
314 72333276
315 72180688
316 72075648
317 71952670
318 71804816
319 71663614
320 71543848
321 71404384
322 71280742
323 71167528
324 71038750
325 70900154
326 70770056
327 70656724
328 70519122
329 70389292
330 70279468
331 70154188
332 70019664
333 69898306
334 69766386
335 69666798
336 69530230
337 69415570
338 69284082
339 69167564
340 69053900
341 68928802
342 68807102
343 68668124
344 68542014
345 68436078
346 68291314
347 68153280
348 68040722
349 67935276
350 67796322
351 67684070
352 67587556
353 67448078
354 67324328
355 67222898
356 67112662
357 66991822
358 66880232
359 66769562
360 66648208
361 66538012
362 66409784
363 66295860
364 66174614
365 66064992
366 65942686
367 65834356
368 65714810
369 65598458
370 65483254
371 65364202
372 65272522
373 65156422
374 65044026
375 64913454
376 64816982
377 64704388
378 64581746
379 64486268
380 64367174
381 64275424
382 64147604
383 64041952
384 63929976
385 63822346
386 63728182
387 63605924
388 63496822
389 63384968
390 63293298
391 63154360
392 63065698
393 62968238
394 62852100
395 62738414
396 62643838
397 62530342
398 62416310
399 62304852
400 62207084
401 62086098
402 61970270
403 61884992
404 61787906
405 61648654
406 61540108
407 61442772
408 61326714
409 61224006
410 61123304
411 61010286
412 60905010
413 60803820
414 60699692
415 60583438
416 60481054
417 60365632
418 60269302
419 60175616
420 60067208
421 59950906
422 59837268
423 59748368
424 59647346
425 59520296
426 59428014
427 59332578
428 59227774
429 59105490
430 59024730
431 58920078
432 58824966
433 58701532
434 58607350
435 58505522
436 58407300
437 58306630
438 58203020
439 58089784
440 57998692
441 57888828
442 57790890
443 57712874
444 57606388
445 57492876
446 57416924
447 57305000
448 57192552
449 57103160
450 57004894
451 56914946
452 56810354
453 56700266
454 56605286
455 56515664
456 56401400
457 56313842
458 56207586
459 56124198
460 55994714
461 55938264
462 55817862
463 55727628
464 55645762
465 55523534
466 55432474
467 55317312
468 55235994
469 55134394
470 55053834
471 54956208
472 54857936
473 54755986
474 54650596
475 54558644
476 54467538
477 54398802
478 54266462
479 54177502
480 54091738
481 53981588
482 53884112
483 53801466
484 53703296
485 53613072
486 53512188
487 53423550
488 53329708
489 53223254
490 53135758
491 53062210
492 52947332
493 52849902
494 52775298
495 52692534
496 52583456
497 52494056
498 52412264
499 52321626
500 52218646
501 52130126
502 52044274
503 51960804
504 51850148
505 51761828
506 51680498
507 51588350
508 51488166
509 51375542
510 51293576
511 51220448
512 51122472
513 51027974
514 50939758
515 50848170
516 50756158
517 50658842
518 50571162
519 50481870
520 50375304
521 50308786
522 50207684
523 50106518
524 50027486
525 49929928
526 49827042
527 49747044
528 49656774
529 49565858
530 49479046
531 49394948
532 49300640
533 49221780
534 49113296
535 49048402
536 48952096
537 48861598
538 48765518
539 48678522
540 48609728
541 48520248
542 48437948
543 48345512
544 48251496
545 48185628
546 48092160
547 48006240
548 47917732
549 47851978
550 47750338
551 47670054
552 47590220
553 47499930
554 47426708
555 47331250
556 47270882
557 47175624
558 47102646
559 46999574
560 46915016
561 46841078
562 46748306
563 46677648
564 46597506
565 46518808
566 46445922
567 46359706
568 46276970
569 46198260
570 46119914
571 46046124
572 45944394
573 45878756
574 45808220
575 45720122
576 45634908
577 45568392
578 45495722
579 45404326
580 45319020
581 45247520
582 45182660
583 45094374
584 45018216
585 44935502
586 44880926
587 44812732
588 44725540
589 44646706
590 44572444
591 44500530
592 44431090
593 44356358
594 44290782
595 44206132
596 44141052
597 44066986
598 43991436
599 43923464
600 43856112
601 43782104
602 43704298
603 43628638
604 43557394
605 43499022
606 43431522
607 43357826
608 43281046
609 43224014
610 43144948
611 43075494
612 43001094
613 42929532
614 42858148
615 42783726
616 42722418
617 42639068
618 42578888
619 42511338
620 42424072
621 42363710
622 42287014
623 42206146
624 42160062
625 42087138
626 41994612
627 41948726
628 41874996
629 41802878
630 41722274
631 41670176
632 41595094
633 41540046
634 41466548
635 41401452
636 41335842
637 41265174
638 41201848
639 41137794
640 41060018
641 40994162
642 40940308
643 40867146
644 40803204
645 40740106
646 40678294
647 40594654
648 40555708
649 40483302
650 40412742
651 40348402
652 40273664
653 40219012
654 40149900
655 40096646
656 40026348
657 39959074
658 39906440
659 39852094
660 39767130
661 39716386
662 39645530
663 39582744
664 39493510
665 39443042
666 39389170
667 39319252
668 39264070
669 39215370
670 39133974
671 39072978
672 39009502
673 38953966
674 38884936
675 38830878
676 38762024
677 38705210
678 38648876
679 38586980
680 38518410
681 38470770
682 38415612
683 38345888
684 38290934
685 38219960
686 38157318
687 38100728
688 38047934
689 37976844
690 37924188
691 37865146
692 37810616
693 37740392
694 37698704
695 37617334
696 37578398
697 37515686
698 37450614
699 37394910
700 37337078
701 37279280
702 37213816
703 37154174
704 37089964
705 37038460
706 36979846
707 36934452
708 36887598
709 36818234
710 36760580
711 36705242
712 36647874
713 36590244
714 36524034
715 36481788
716 36414750
717 36349536
718 36313878
719 36239482
720 36176960
721 36131096
722 36063030
723 36019932
724 35958536
725 35907256
726 35846958
727 35794092
728 35735660
729 35682982
730 35630630
731 35580072
732 35522140
733 35470246
734 35405102
735 35359486
736 35289872
737 35249506
738 35195790
739 35125608
740 35078498
741 35018804
742 34971734
743 34912046
744 34860830
745 34788484
746 34734446
747 34682894
748 34635972
749 34590624
750 34528568
751 34468938
752 34414408
753 34371808
754 34320364
755 34253552
756 34210296
757 34146640
758 34104988
759 34040832
760 33979834
761 33937554
762 33888746
763 33835386
764 33788254
765 33728134
766 33682920
767 33638062
768 33572040
769 33523074
770 33469564
771 33415140
772 33364752
773 33308874
774 33266628
775 33211722
776 33151688
777 33114820
778 33054336
779 33006632
780 32953640
781 32893458
782 32856864
783 32794946
784 32744950
785 32708262
786 32652360
787 32602550
788 32549038
789 32497272
790 32446674
791 32397118
792 32338480
793 32291124
794 32241844
795 32201156
796 32143994
797 32101832
798 32040782
799 31999086
800 31950552
801 31882800
802 31848450
803 31794736
804 31744128
805 31698252
806 31649584
807 31601204
808 31547194
809 31502770
810 31452076
811 31410868
812 31353792
813 31308608
814 31257988
815 31205550
816 31167702
817 31109412
818 31048868
819 30998970
820 30966376
821 30917654
822 30861124
823 30814694
824 30773810
825 30719228
826 30666500
827 30622328
828 30578052
829 30521192
830 30483940
831 30440276
832 30378766
833 30332832
834 30287942
835 30240926
836 30195132
837 30160522
838 30100090
839 30050924
840 30003266
841 29949100
842 29911896
843 29864476
844 29820316
845 29774988
846 29720946
847 29677428
848 29639072
849 29581252
850 29528346
851 29492466
852 29443552
853 29393358
854 29344806
855 29309022
856 29271052
857 29213194
858 29171910
859 29134692
860 29083672
861 29041836
862 28987442
863 28948594
864 28903138
865 28861648
866 28812490
867 28761680
868 28724402
869 28689550
870 28633442
871 28589242
872 28552848
873 28500660
874 28472782
875 28424092
876 28364704
877 28324488
878 28294958
879 28237812
880 28198110
881 28150176
882 28112520
883 28072082
884 28030152
885 27989208
886 27934694
887 27896342
888 27848540
889 27813478
890 27778440
891 27744862
892 27688594
893 27640626
894 27590750
895 27557492
896 27523014
897 27465012
898 27434508
899 27390546
900 27347694
901 27309866
902 27262800
903 27219048
904 27178810
905 27131316
906 27078400
907 27053890
908 27002880
909 26966160
910 26922182
911 26877354
912 26829678
913 26789350
914 26757748
915 26707946
916 26667858
917 26623812
918 26585006
919 26533570
920 26490288
921 26436840
922 26408246
923 26370390
924 26326114
925 26277168
926 26248666
927 26205242
928 26147148
929 26112338
930 26071714
931 26029640
932 25984150
933 25944920
934 25910936
935 25866786
936 25827324
937 25787936
938 25737398
939 25699112
940 25656952
941 25622268
942 25567182
943 25536768
944 25496378
945 25461920
946 25417234
947 25383686
948 25332076
949 25290708
950 25251566
951 25209102
952 25164648
953 25133444
954 25093040
955 25046340
956 25005284
957 24965664
958 24919264
959 24880934
960 24839404
961 24806234
962 24766994
963 24728398
964 24676594
965 24630272
966 24602098
967 24560156
968 24522260
969 24478476
970 24446710
971 24407758
972 24370872
973 24320208
974 24292090
975 24248256
976 24212790
977 24182468
978 24140628
979 24092078
980 24055268
981 24014272
982 23970904
983 23942012
984 23891964
985 23850946
986 23819180
987 23778044
988 23735816
989 23707886
990 23662496
991 23623072
992 23579470
993 23545358
994 23507610
995 23481410
996 23435052
997 23393988
998 23361142
999 23321682
1000 23268970
1001 23242262
1002 23206226
1003 23173012
1004 23146008
1005 23090898
1006 23061498
1007 23015160
1008 22990748
1009 22946570
1010 22910044
1011 22883910
1012 22836680
1013 22804868
1014 22761614
1015 22730260
1016 22703566
1017 22660794
1018 22617288
1019 22580260
1020 22557336
1021 22520966
1022 22472188
1023 22439668
1024 22401000
1025 22368308
1026 22331454
1027 22307596
1028 22259010
1029 22229542
1030 22208014
1031 22158120
1032 22122502
1033 22081382
1034 22046258
1035 22021164
1036 21981878
1037 21946546
1038 21914920
1039 21873688
1040 21847014
1041 21820132
1042 21770600
1043 21736458
1044 21704378
1045 21671080
1046 21645776
1047 21603106
1048 21567404
1049 21537096
1050 21495788
1051 21464248
1052 21429316
1053 21402424
1054 21369778
1055 21337526
1056 21309424
1057 21272160
1058 21243078
1059 21208870
1060 21173730
1061 21142676
1062 21108588
1063 21072428
1064 21052882
1065 21013678
1066 20988286
1067 20941672
1068 20911524
1069 20882672
1070 20843536
1071 20818212
1072 20785568
1073 20749196
1074 20714124
1075 20684474
1076 20647172
1077 20618880
1078 20590660
1079 20556794
1080 20525508
1081 20491310
1082 20462910
1083 20432570
1084 20397880
1085 20368474
1086 20335626
1087 20300948
1088 20274612
1089 20244582
1090 20215348
1091 20178348
1092 20148982
1093 20119944
1094 20097020
1095 20051202
1096 20032184
1097 19994704
1098 19964894
1099 19925514
1100 19899206
1101 19875884
1102 19842918
1103 19807518
1104 19775266
1105 19745684
1106 19706558
1107 19679798
1108 19664366
1109 19629794
1110 19597482
1111 19561892
1112 19541196
1113 19508542
1114 19471330
1115 19446236
1116 19413508
1117 19386266
1118 19348146
1119 19325162
1120 19292794
1121 19261640
1122 19226230
1123 19198812
1124 19171306
1125 19146906
1126 19114802
1127 19092832
1128 19052386
1129 19032912
1130 19012264
1131 18977650
1132 18945462
1133 18912826
1134 18881326
1135 18867974
1136 18832788
1137 18805738
1138 18776848
1139 18754610
1140 18723398
1141 18696132
1142 18670490
1143 18637902
1144 18613070
1145 18580818
1146 18545778
1147 18518394
1148 18490514
1149 18473562
1150 18444226
1151 18410042
1152 18381366
1153 18347922
1154 18322834
1155 18301176
1156 18280662
1157 18247254
1158 18214972
1159 18188000
1160 18161002
1161 18131830
1162 18111050
1163 18076312
1164 18047058
1165 18024046
1166 17995406
1167 17968836
1168 17933580
1169 17909488
1170 17889384
1171 17864248
1172 17830710
1173 17813186
1174 17776576
1175 17748378
1176 17719624
1177 17692694
1178 17672954
1179 17646994
1180 17615694
1181 17595042
1182 17562074
1183 17534118
1184 17510090
1185 17473656
1186 17446410
1187 17428340
1188 17409164
1189 17372930
1190 17348532
1191 17318242
1192 17292418
1193 17271266
1194 17244200
1195 17219554
1196 17191972
1197 17164688
1198 17139962
1199 17110696
1200 17085660
1201 17064356
1202 17045216
1203 17001026
1204 16989538
1205 16957628
1206 16935524
1207 16905478
1208 16895564
1209 16861482
1210 16833684
1211 16800748
1212 16773696
1213 16755610
1214 16737390
1215 16707014
1216 16670532
1217 16647004
1218 16628536
1219 16597842
1220 16572980
1221 16553446
1222 16529120
1223 16502700
1224 16481158
1225 16449134
1226 16422776
1227 16399988
1228 16370088
1229 16359828
1230 16334598
1231 16301556
1232 16274682
1233 16251076
1234 16226566
1235 16206300
1236 16185396
1237 16152698
1238 16128880
1239 16109020
1240 16088034
1241 16059344
1242 16038522
1243 16017902
1244 15991018
1245 15971264
1246 15943966
1247 15913830
1248 15893522
1249 15871166
1250 15855252
1251 15830202
1252 15809372
1253 15782740
1254 15761790
1255 15744584
1256 15705522
1257 15696140
1258 15675932
1259 15642268
1260 15619224
1261 15594908
1262 15569974
1263 15551516
1264 15528242
1265 15501494
1266 15485632
1267 15463328
1268 15427324
1269 15420208
1270 15387904
1271 15358188
1272 15339808
1273 15324544
1274 15300596
1275 15275584
1276 15252114
1277 15228632
1278 15200364
1279 15186612
1280 15159428
1281 15138688
1282 15112438
1283 15080142
1284 15065122
1285 15046276
1286 15023634
1287 14994774
1288 14976442
1289 14953788
1290 14928612
1291 14906392
1292 14891224
1293 14856918
1294 14839824
1295 14820782
1296 14796766
1297 14766482
1298 14752394
1299 14729000
1300 14710038
1301 14686452
1302 14662432
1303 14649224
1304 14621630
1305 14599748
1306 14573330
1307 14553238
1308 14525862
1309 14512588
1310 14482380
1311 14466598
1312 14440102
1313 14417436
1314 14406714
1315 14381174
1316 14360584
1317 14338964
1318 14315456
1319 14300640
1320 14272456
1321 14246976
1322 14237446
1323 14214188
1324 14187904
1325 14177348
1326 14147230
1327 14135502
1328 14105154
1329 14088152
1330 14073828
1331 14045608
1332 14023514
1333 14010624
1334 13979270
1335 13966618
1336 13938096
1337 13921926
1338 13906814
1339 13882148
1340 13859516
1341 13841242
1342 13820992
1343 13801546
1344 13765688
1345 13756712
1346 13740306
1347 13711962
1348 13695738
1349 13680222
1350 13655454
1351 13636446
1352 13613946
1353 13598530
1354 13576692
1355 13556200
1356 13535802
1357 13519718
1358 13494024
1359 13476182
1360 13454918
1361 13434620
1362 13423290
1363 13395378
1364 13371510
1365 13358066
1366 13337754
1367 13324310
1368 13295002
1369 13281320
1370 13258414
1371 13246170
1372 13221316
1373 13206252
1374 13190778
1375 13161886
1376 13149378
1377 13123700
1378 13103576
1379 13094618
1380 13069054
1381 13058144
1382 13032624
1383 13014738
1384 12994718
1385 12978912
1386 12961026
1387 12941524
1388 12921840
1389 12901046
1390 12885784
1391 12864342
1392 12848014
1393 12825092
1394 12812070
1395 12794702
1396 12775748
1397 12754006
1398 12736602
1399 12715512
1400 12696668
1401 12684798
1402 12660024
1403 12647680
1404 12626746
1405 12607390
1406 12593982
1407 12578910
1408 12556778
1409 12538030
1410 12526296
1411 12501640
1412 12487572
1413 12466854
1414 12461150
1415 12437726
1416 12427010
1417 12390048
1418 12386356
1419 12367168
1420 12351664
1421 12338074
1422 12323628
1423 12305552
1424 12282132
1425 12270436
1426 12249666
1427 12234540
1428 12222022
1429 12201610
1430 12184422
1431 12171890
1432 12144250
1433 12131898
1434 12118336
1435 12103286
1436 12079028
1437 12067434
1438 12047524
1439 12035950
1440 12010266
1441 12005358
1442 11985766
1443 11965824
1444 11944178
1445 11931588
1446 11912110
1447 11899056
1448 11879204
1449 11868948
1450 11852106
1451 11839324
1452 11817066
1453 11801032
1454 11784558
1455 11764328
1456 11754594
1457 11737652
1458 11716676
1459 11708412
1460 11690628
1461 11675530
1462 11653492
1463 11648324
1464 11622674
1465 11607608
1466 11599568
1467 11577174
1468 11560252
1469 11552740
1470 11525020
1471 11508866
1472 11500738
1473 11480244
1474 11470472
1475 11449224
1476 11442502
1477 11420600
1478 11401920
1479 11395254
1480 11374570
1481 11358970
1482 11347270
1483 11329934
1484 11315236
1485 11301994
1486 11285864
1487 11265000
1488 11250950
1489 11234822
1490 11220568
1491 11204606
1492 11190826
1493 11172244
1494 11165274
1495 11145390
1496 11135134
1497 11112988
1498 11097700
1499 11088768
1500 11067894
1501 11056284
1502 11035064
1503 11024798
1504 11005832
1505 10993042
1506 10975854
1507 10962500
1508 10943294
1509 10928310
1510 10918000
1511 10903574
1512 10888118
1513 10870940
1514 10859208
1515 10840832
1516 10826216
1517 10811628
1518 10798384
1519 10781258
1520 10765230
1521 10745144
1522 10736006
1523 10723056
1524 10708566
1525 10685560
1526 10679918
1527 10665324
1528 10648216
1529 10633452
1530 10614240
1531 10599494
1532 10587762
1533 10575916
1534 10557162
1535 10539418
1536 10523012
1537 10513872
1538 10494764
1539 10485994
1540 10460790
1541 10453030
1542 10434158
1543 10424548
1544 10406488
1545 10390412
1546 10383516
1547 10362036
1548 10349604
1549 10334434
1550 10317836
1551 10303850
1552 10287876
1553 10276820
1554 10263224
1555 10256284
1556 10232908
1557 10217300
1558 10203354
1559 10189716
1560 10172950
1561 10167716
1562 10150038
1563 10131184
1564 10125294
1565 10108640
1566 10094986
1567 10077146
1568 10074946
1569 10052396
1570 10034506
1571 10020946
1572 10005418
1573 9993248
1574 9988408
1575 9970006
1576 9953250
1577 9930528
1578 9920466
1579 9907710
1580 9891922
1581 9879772
1582 9867612
1583 9853558
1584 9844194
1585 9826080
1586 9811806
1587 9798878
1588 9782060
1589 9774112
1590 9759130
1591 9744366
1592 9731264
1593 9713054
1594 9711408
1595 9692544
1596 9676512
1597 9666882
1598 9649182
1599 9630822
1600 9627452
1601 9615492
1602 9602030
1603 9588182
1604 9569486
1605 9557846
1606 9543014
1607 9531684
1608 9513756
1609 9499544
1610 9491238
1611 9477050
1612 9462180
1613 9447540
1614 9438438
1615 9425796
1616 9409404
1617 9399778
1618 9385408
1619 9372264
1620 9358110
1621 9346284
1622 9332024
1623 9322978
1624 9306632
1625 9295276
1626 9273260
1627 9270062
1628 9249662
1629 9237978
1630 9224440
1631 9211514
1632 9198208
1633 9186612
1634 9173406
1635 9162432
1636 9143474
1637 9139668
1638 9122588
1639 9109408
1640 9094988
1641 9082186
1642 9068062
1643 9059326
1644 9048230
1645 9031892
1646 9017796
1647 9004588
1648 8991264
1649 8982872
1650 8963934
1651 8956014
1652 8948844
1653 8932896
1654 8918088
1655 8902216
1656 8898898
1657 8888848
1658 8867724
1659 8850912
1660 8842236
1661 8833042
1662 8819026
1663 8803928
1664 8796884
1665 8778444
1666 8770248
1667 8757754
1668 8749502
1669 8735076
1670 8721454
1671 8709594
1672 8699086
1673 8685914
1674 8675692
1675 8667962
1676 8652748
1677 8642156
1678 8623790
1679 8617722
1680 8602596
1681 8593476
1682 8576508
1683 8567074
1684 8559772
1685 8547372
1686 8531654
1687 8519738
1688 8506282
1689 8493664
1690 8484094
1691 8473792
1692 8459332
1693 8452830
1694 8433928
1695 8425094
1696 8416066
1697 8402722
1698 8390316
1699 8379346
1700 8368846
1701 8356598
1702 8342966
1703 8331922
1704 8321174
1705 8302918
1706 8297816
1707 8281994
1708 8272820
1709 8258906
1710 8251074
1711 8240584
1712 8226764
1713 8217992
1714 8200976
1715 8186144
1716 8175260
1717 8164360
1718 8155058
1719 8146372
1720 8134328
1721 8126600
1722 8114222
1723 8099032
1724 8085616
1725 8074666
1726 8060688
1727 8053150
1728 8040880
1729 8027002
1730 8014480
1731 7997668
1732 7992190
1733 7989186
1734 7977116
1735 7961692
1736 7952632
1737 7937114
1738 7930288
1739 7919428
1740 7901398
1741 7895054
1742 7879206
1743 7875090
1744 7865040
1745 7847260
1746 7838122
1747 7825750
1748 7819338
1749 7809620
1750 7794958
1751 7784736
1752 7773054
1753 7760458
1754 7752220
1755 7739798
1756 7729830
1757 7718500
1758 7705616
1759 7697582
1760 7681406
1761 7679968
1762 7665564
1763 7652004
1764 7642054
1765 7633632
1766 7623852
1767 7612160
1768 7594798
1769 7591916
1770 7581028
1771 7571896
1772 7556364
1773 7549732
1774 7533332
1775 7525908
1776 7511870
1777 7502946
1778 7496202
1779 7483672
1780 7474726
1781 7465040
1782 7453246
1783 7445002
1784 7430894
1785 7420708
1786 7411376
1787 7399216
1788 7390640
1789 7384416
1790 7369098
1791 7361334
1792 7348422
1793 7338562
1794 7333700
1795 7324378
1796 7317170
1797 7305430
1798 7292034
1799 7285150
1800 7277304
1801 7261328
1802 7252048
1803 7240144
1804 7229752
1805 7225528
1806 7213316
1807 7205206
1808 7191026
1809 7183064
1810 7172612
1811 7160410
1812 7155318
1813 7143772
1814 7133756
1815 7126338
1816 7115082
1817 7102882
1818 7091878
1819 7084750
1820 7075592
1821 7065374
1822 7057108
1823 7043888
1824 7037764
1825 7025948
1826 7018212
1827 7008356
1828 6997288
1829 6991086
1830 6979016
1831 6968188
1832 6958766
1833 6949374
1834 6943834
1835 6931404
1836 6922786
1837 6912490
1838 6903710
1839 6891132
1840 6885392
1841 6873198
1842 6864424
1843 6856562
1844 6849084
1845 6836410
1846 6826368
1847 6817414
1848 6807254
1849 6800338
1850 6788730
1851 6776990
1852 6768038
1853 6755204
1854 6748096
1855 6742044
1856 6733306
1857 6715924
1858 6714164
1859 6707612
1860 6696788
1861 6687328
1862 6677456
1863 6660814
1864 6662146
1865 6645386
1866 6639100
1867 6628894
1868 6621722
1869 6610894
1870 6602416
1871 6588368
1872 6586162
1873 6571794
1874 6563978
1875 6557164
1876 6546092
1877 6537862
1878 6527576
1879 6521968
1880 6508676
1881 6499680
1882 6491152
1883 6483838
1884 6472184
1885 6467198
1886 6454500
1887 6445834
1888 6437558
1889 6431584
1890 6421612
1891 6412640
1892 6401272
1893 6393786
1894 6382466
1895 6375552
1896 6370950
1897 6357618
1898 6347342
1899 6338640
1900 6334500
1901 6326080
1902 6312914
1903 6306776
1904 6293454
1905 6285448
1906 6274882
1907 6273448
1908 6261706
1909 6254424
1910 6243196
1911 6236800
1912 6231094
1913 6222386
1914 6208468
1915 6201998
1916 6191324
1917 6187282
1918 6176612
1919 6170254
1920 6161306
1921 6151680
1922 6144984
1923 6138930
1924 6123116
1925 6118318
1926 6109292
1927 6099184
1928 6095502
1929 6086642
1930 6080588
1931 6063376
1932 6055546
1933 6057776
1934 6039218
1935 6036282
1936 6028256
1937 6019636
1938 6016210
1939 6000676
1940 5993126
1941 5989448
1942 5971812
1943 5966598
1944 5961174
1945 5949704
1946 5941358
1947 5934622
1948 5926328
1949 5919080
1950 5908514
1951 5896694
1952 5892586
1953 5881618
1954 5877764
1955 5869490
1956 5859688
1957 5849596
1958 5845284
1959 5836274
1960 5827210
1961 5820234
1962 5816964
1963 5803816
1964 5795660
1965 5788566
1966 5783374
1967 5772634
1968 5765992
1969 5756792
1970 5747028
1971 5739384
1972 5734652
1973 5723238
1974 5715330
1975 5704682
1976 5699962
1977 5692476
1978 5689266
1979 5675512
1980 5667396
1981 5664988
1982 5653548
1983 5642892
1984 5639114
1985 5628940
1986 5617050
1987 5614436
1988 5605560
1989 5597712
1990 5589676
1991 5584230
1992 5571968
1993 5565888
1994 5560412
1995 5554850
1996 5547472
1997 5536864
1998 5527118
1999 5522928
2000 5508312
2001 5505500
2002 5492224
2003 5489230
2004 5483210
2005 5473608
2006 5465630
2007 5455210
2008 5451250
2009 5445488
2010 5435786
2011 5429096
2012 5417100
2013 5413074
2014 5401814
2015 5394718
2016 5386414
2017 5379580
2018 5373896
2019 5365358
2020 5358628
2021 5348408
2022 5339584
2023 5332056
2024 5324928
2025 5313852
2026 5306684
2027 5303492
2028 5296096
2029 5286518
2030 5279106
2031 5272062
2032 5263616
2033 5257836
2034 5250670
2035 5245244
2036 5231004
2037 5226498
2038 5217034
2039 5207044
2040 5201124
2041 5202162
2042 5191080
2043 5181480
2044 5173854
2045 5167738
2046 5159184
2047 5148328
2048 5141378
2049 5137828
2050 5127610
2051 5121878
2052 5112136
2053 5102398
2054 5100920
2055 5094442
2056 5083072
2057 5072736
2058 5068332
2059 5060372
2060 5057122
2061 5045836
2062 5040004
2063 5031628
2064 5025022
2065 5019028
2066 5005786
2067 5001722
2068 4997076
2069 4990350
2070 4977772
2071 4976536
2072 4966996
2073 4953956
2074 4951480
2075 4943068
2076 4936978
2077 4928098
2078 4922790
2079 4915012
2080 4908190
2081 4900458
2082 4895518
2083 4887842
2084 4877498
2085 4872818
2086 4870722
2087 4860174
2088 4853878
2089 4846948
2090 4838284
2091 4828348
2092 4820740
2093 4815842
2094 4805398
2095 4800804
2096 4793870
2097 4788054
2098 4778146
2099 4772058
2100 4767194
2101 4760812
2102 4754172
2103 4743748
2104 4738426
2105 4733444
2106 4725638
2107 4719772
2108 4712278
2109 4705842
2110 4703774
2111 4694278
2112 4684702
2113 4675954
2114 4669174
2115 4664076
2116 4656768
2117 4652764
2118 4641844
2119 4639508
2120 4629254
2121 4625834
2122 4616330
2123 4609938
2124 4606682
2125 4596922
2126 4586700
2127 4585924
2128 4575338
2129 4565762
2130 4563166
2131 4557218
2132 4548320
2133 4544382
2134 4536794
2135 4527668
2136 4522984
2137 4514512
2138 4508964
2139 4503040
2140 4494800
2141 4489896
2142 4477568
2143 4473664
2144 4469776
2145 4462194
2146 4454842
2147 4446712
2148 4439038
2149 4437110
2150 4426204
2151 4418926
2152 4412468
2153 4408758
2154 4399364
2155 4392626
2156 4385864
2157 4380336
2158 4371110
2159 4366590
2160 4358826
2161 4357100
2162 4346504
2163 4340546
2164 4333952
2165 4331008
2166 4320810
2167 4317724
2168 4305722
2169 4300144
2170 4291584
2171 4287706
2172 4280082
2173 4275090
2174 4269194
2175 4263086
2176 4253240
2177 4248362
2178 4240796
2179 4233968
2180 4225174
2181 4220572
2182 4214728
2183 4208988
2184 4204034
2185 4199624
2186 4190620
2187 4180202
2188 4175578
2189 4169076
2190 4167152
2191 4157490
2192 4148160
2193 4147764
2194 4141588
2195 4135484
2196 4124342
2197 4120664
2198 4110744
2199 4105316
2200 4100088
2201 4090700
2202 4085394
2203 4081916
2204 4073920
2205 4070900
2206 4064576
2207 4058260
2208 4054732
2209 4044374
2210 4038458
2211 4031890
2212 4027442
2213 4015422
2214 4012654
2215 4009818
2216 4002362
2217 3992506
2218 3987072
2219 3983506
2220 3973710
2221 3970430
2222 3964428
2223 3958492
2224 3951708
2225 3945464
2226 3938380
2227 3932630
2228 3927210
2229 3925864
2230 3919476
2231 3911614
2232 3905356
2233 3897598
2234 3894562
2235 3885814
2236 3878160
2237 3874728
2238 3866328
2239 3863258
2240 3858254
2241 3850020
2242 3849148
2243 3839236
2244 3835602
2245 3830610
2246 3820116
2247 3815980
2248 3812988
2249 3803030
2250 3800776
2251 3794376
2252 3787860
2253 3781650
2254 3776214
2255 3770368
2256 3765910
2257 3756468
2258 3749474
2259 3744922
2260 3742878
2261 3735790
2262 3730778
2263 3726104
2264 3717142
2265 3716656
2266 3707762
2267 3700302
2268 3698022
2269 3691378
2270 3687096
2271 3679262
2272 3670950
2273 3668672
2274 3661728
2275 3657558
2276 3650438
2277 3646376
2278 3642930
2279 3636538
2280 3631358
2281 3623576
2282 3622386
2283 3613620
2284 3609818
2285 3603222
2286 3597388
2287 3593444
2288 3587364
2289 3581322
2290 3574730
2291 3571440
2292 3567102
2293 3562004
2294 3556388
2295 3549376
2296 3548276
2297 3538238
2298 3531514
2299 3527352
2300 3521884
2301 3516100
2302 3512922
2303 3509720
2304 3503276
2305 3498648
2306 3494798
2307 3488632
2308 3482946
2309 3476892
2310 3470310
2311 3464852
2312 3461336
2313 3454530
2314 3450194
2315 3446392
2316 3439256
2317 3435640
2318 3429788
2319 3423808
2320 3418902
2321 3417138
2322 3407450
2323 3404152
2324 3400462
2325 3393544
2326 3387240
2327 3380642
2328 3375322
2329 3371972
2330 3365960
2331 3362728
2332 3358574
2333 3352648
2334 3346786
2335 3342424
2336 3334484
2337 3333140
2338 3328004
2339 3323702
2340 3315614
2341 3312552
2342 3308144
2343 3301146
2344 3297714
2345 3292192
2346 3288844
2347 3280152
2348 3278872
2349 3267542
2350 3267970
2351 3259550
2352 3258686
2353 3251126
2354 3243136
2355 3242612
2356 3236990
2357 3229222
2358 3225670
2359 3219432
2360 3211906
2361 3209924
2362 3206934
2363 3199726
2364 3196580
2365 3191746
2366 3185392
2367 3182334
2368 3176952
2369 3171234
2370 3167136
2371 3160762
2372 3154740
2373 3150856
2374 3144672
2375 3146312
2376 3138180
2377 3132526
2378 3129084
2379 3122122
2380 3115572
2381 3116260
2382 3109632
2383 3106296
2384 3101918
2385 3096414
2386 3092208
2387 3084722
2388 3081396
2389 3080734
2390 3072262
2391 3066390
2392 3060440
2393 3058002
2394 3053434
2395 3047330
2396 3044614
2397 3041376
2398 3034658
2399 3031934
2400 3026234
2401 3022278
2402 3017456
2403 3010718
2404 3010332
2405 3001824
2406 2996914
2407 2993366
2408 2987860
2409 2981440
2410 2981008
2411 2975384
2412 2969770
2413 2963770
2414 2959868
2415 2957928
2416 2950468
2417 2949306
2418 2943334
2419 2938434
2420 2934882
2421 2925694
2422 2927890
2423 2920900
2424 2915552
2425 2908368
2426 2909310
2427 2904246
2428 2898004
2429 2895430
2430 2890034
2431 2886058
2432 2881030
2433 2877920
2434 2872854
2435 2867754
2436 2863886
2437 2857622
2438 2853008
2439 2849838
2440 2845674
2441 2840882
2442 2835168
2443 2830234
2444 2828746
2445 2822656
2446 2818112
2447 2814528
2448 2811940
2449 2804686
2450 2803068
2451 2796022
2452 2793882
2453 2787254
2454 2783122
2455 2779844
2456 2773946
2457 2774650
2458 2770684
2459 2765990
2460 2759058
2461 2751572
2462 2751292
2463 2747062
2464 2744504
2465 2741412
2466 2733896
2467 2732418
2468 2728822
2469 2722922
2470 2719844
2471 2714012
2472 2707718
2473 2705788
2474 2701154
2475 2697770
2476 2691634
2477 2687854
2478 2685152
2479 2681200
2480 2675170
2481 2671394
2482 2667378
2483 2664730
2484 2659220
2485 2657878
2486 2651284
2487 2645826
2488 2644202
2489 2642438
2490 2636786
2491 2630834
2492 2627390
2493 2625128
2494 2619350
2495 2614816
2496 2609976
2497 2605728
2498 2601366
2499 2599618
2500 2593128
2501 2590862
2502 2587696
2503 2584214
2504 2579896
2505 2574586
2506 2570452
2507 2567916
2508 2563050
2509 2559266
2510 2556138
2511 2552644
2512 2548094
2513 2543062
2514 2537440
2515 2536570
2516 2531508
2517 2526834
2518 2523000
2519 2520716
2520 2513462
2521 2511364
2522 2507238
2523 2505610
2524 2501256
2525 2499180
2526 2492510
2527 2490544
2528 2486114
2529 2482686
2530 2475988
2531 2476324
2532 2469500
2533 2467386
2534 2462506
2535 2459948
2536 2454960
2537 2450706
2538 2447260
2539 2443406
2540 2440526
2541 2437700
2542 2432278
2543 2428804
2544 2426674
2545 2424170
2546 2420198
2547 2413560
2548 2412504
2549 2404876
2550 2405542
2551 2401074
2552 2397200
2553 2394116
2554 2390974
2555 2382874
2556 2383316
2557 2381020
2558 2372844
2559 2370328
2560 2365306
2561 2362600
2562 2360480
2563 2355768
2564 2353830
2565 2349494
2566 2344926
2567 2339854
2568 2337742
2569 2333464
2570 2329326
2571 2327260
2572 2323294
2573 2317348
2574 2314702
2575 2313704
2576 2308810
2577 2305236
2578 2302350
2579 2300034
2580 2293874
2581 2290874
2582 2286474
2583 2285386
2584 2280470
2585 2276468
2586 2274506
2587 2269374
2588 2266982
2589 2262930
2590 2258516
2591 2257418
2592 2255208
2593 2247228
2594 2245440
2595 2242532
2596 2239680
2597 2234552
2598 2231730
2599 2230388
2600 2227042
2601 2222328
2602 2219002
2603 2215262
2604 2210112
2605 2207674
2606 2204422
2607 2201708
2608 2199406
2609 2194086
2610 2189810
2611 2189986
2612 2185050
2613 2181012
2614 2176916
2615 2174912
2616 2172202
2617 2166584
2618 2167604
2619 2161058
2620 2159282
2621 2155140
2622 2151678
2623 2146352
2624 2144240
2625 2142962
2626 2135894
2627 2133008
2628 2130514
2629 2124936
2630 2122796
2631 2119378
2632 2118176
2633 2114922
2634 2110460
2635 2108546
2636 2105978
2637 2100400
2638 2097310
2639 2094800
2640 2091030
2641 2087904
2642 2081692
2643 2080994
2644 2080128
2645 2075414
2646 2070840
2647 2068038
2648 2066424
2649 2062974
2650 2059884
2651 2056346
2652 2053172
2653 2049672
2654 2045684
2655 2041762
2656 2039956
2657 2035652
2658 2033750
2659 2030114
2660 2027156
2661 2023234
2662 2021364
2663 2018624
2664 2015832
2665 2011908
2666 2009362
2667 2005144
2668 2001404
2669 1998230
2670 1996150
2671 1991938
2672 1988776
2673 1984108
2674 1982012
2675 1982566
2676 1980000
2677 1973372
2678 1972394
2679 1969668
2680 1964664
2681 1964362
2682 1960080
2683 1957210
2684 1951046
2685 1950344
2686 1947434
2687 1943188
2688 1940424
2689 1937730
2690 1936962
2691 1932114
2692 1929366
2693 1925518
2694 1920450
2695 1919750
2696 1918130
2697 1914458
2698 1912460
2699 1908220
2700 1903108
2701 1900150
2702 1900432
2703 1898806
2704 1893232
2705 1888868
2706 1888582
2707 1886044
2708 1881400
2709 1876724
2710 1875108
2711 1874244
2712 1871410
2713 1865426
2714 1863814
2715 1860732
2716 1856930
2717 1855720
2718 1853412
2719 1849886
2720 1843952
2721 1842020
2722 1840670
2723 1836902
2724 1832342
2725 1830868
2726 1827006
2727 1824678
2728 1821828
2729 1817850
2730 1815126
2731 1815078
2732 1810098
2733 1807974
2734 1805080
2735 1802332
2736 1799376
2737 1798462
2738 1794808
2739 1790072
2740 1787564
2741 1785370
2742 1782700
2743 1779928
2744 1776242
2745 1773316
2746 1772530
2747 1769174
2748 1766872
2749 1762600
2750 1760872
2751 1754446
2752 1753762
2753 1750716
2754 1747644
2755 1745704
2756 1744460
2757 1739854
2758 1738504
2759 1736426
2760 1731912
2761 1728754
2762 1727378
2763 1723662
2764 1719064
2765 1716694
2766 1713460
2767 1712562
2768 1710230
2769 1708968
2770 1706990
2771 1702972
2772 1702362
2773 1694908
2774 1693510
2775 1691408
2776 1687254
2777 1685912
2778 1683366
2779 1680496
2780 1677130
2781 1675024
2782 1670144
2783 1669476
2784 1663626
2785 1662510
2786 1659858
2787 1658100
2788 1655880
2789 1653856
2790 1649636
2791 1646080
2792 1644528
2793 1642368
2794 1640044
2795 1636678
2796 1633856
2797 1630284
2798 1628974
2799 1625634
2800 1621888
2801 1619792
2802 1617866
2803 1617086
2804 1613048
2805 1609790
2806 1606298
2807 1603710
2808 1602986
2809 1599320
2810 1596266
2811 1595074
2812 1593340
2813 1591010
2814 1587636
2815 1584048
2816 1582370
2817 1580044
2818 1579390
2819 1574710
2820 1572816
2821 1570732
2822 1568318
2823 1564866
2824 1562228
2825 1558260
2826 1557154
2827 1557156
2828 1553324
2829 1549868
2830 1548580
2831 1544252
2832 1542702
2833 1539068
2834 1535986
2835 1532018
2836 1531922
2837 1532786
2838 1527842
2839 1525724
2840 1522636
2841 1521286
2842 1517030
2843 1516012
2844 1513866
2845 1508206
2846 1509092
2847 1504418
2848 1503134
2849 1499974
2850 1495394
2851 1495426
2852 1494086
2853 1489988
2854 1487284
2855 1486598
2856 1483888
2857 1481128
2858 1478692
2859 1478118
2860 1472682
2861 1471766
2862 1469796
2863 1468366
2864 1465912
2865 1462426
2866 1460172
2867 1456860
2868 1455830
2869 1452450
2870 1449346
2871 1447544
2872 1445762
2873 1444200
2874 1441506
2875 1439644
2876 1436304
2877 1433814
2878 1432854
2879 1430134
2880 1428494
2881 1424636
2882 1423302
2883 1419418
2884 1417590
2885 1415382
2886 1413540
2887 1412254
2888 1408526
2889 1408446
2890 1403504
2891 1399396
2892 1398912
2893 1396850
2894 1395258
2895 1392854
2896 1389742
2897 1389276
2898 1386164
2899 1384482
2900 1380742
2901 1379836
2902 1375302
2903 1375290
2904 1372784
2905 1368510
2906 1367034
2907 1365280
2908 1363538
2909 1361844
2910 1359260
2911 1355846
2912 1354802
2913 1351960
2914 1351776
2915 1349166
2916 1345682
2917 1342986
2918 1340230
2919 1340072
2920 1337842
2921 1333700
2922 1333728
2923 1332840
2924 1328720
2925 1326688
2926 1325664
2927 1323868
2928 1320490
2929 1319760
2930 1317940
2931 1315186
2932 1312870
2933 1309296
2934 1305896
2935 1305720
2936 1304134
2937 1302310
2938 1298898
2939 1294978
2940 1294394
2941 1293174
2942 1290370
2943 1288566
2944 1287472
2945 1283316
2946 1279808
2947 1280280
2948 1275062
2949 1276040
2950 1272608
2951 1271474
2952 1266678
2953 1268028
2954 1263564
2955 1263860
2956 1259858
2957 1258432
2958 1254892
2959 1254302
2960 1253688
2961 1249356
2962 1247162
2963 1246934
2964 1243482
2965 1240860
2966 1240120
2967 1236854
2968 1235146
2969 1233912
2970 1231852
2971 1230474
2972 1227356
2973 1223828
2974 1223668
2975 1219690
2976 1219936
2977 1216898
2978 1214986
2979 1211920
2980 1211500
2981 1207828
2982 1206798
2983 1204904
2984 1201550
2985 1202022
2986 1199074
2987 1197738
2988 1195258
2989 1191894
2990 1189848
2991 1188482
2992 1185778
2993 1186332
2994 1182836
2995 1181512
2996 1178368
2997 1176950
2998 1174510
2999 1173644
3000 1170492
3001 1169590
3002 1166404
3003 1164008
3004 1162072
3005 1162456
3006 1159924
3007 1157166
3008 1154890
3009 1153566
3010 1150338
3011 1149680
3012 1148238
3013 1145612
3014 1143678
3015 1140788
3016 1140900
3017 1136268
3018 1137708
3019 1135840
3020 1131928
3021 1130562
3022 1126792
3023 1124134
3024 1125132
3025 1121400
3026 1120644
3027 1119948
3028 1117216
3029 1113408
3030 1113102
3031 1109040
3032 1107420
3033 1107616
3034 1106122
3035 1103016
3036 1102024
3037 1100424
3038 1098432
3039 1092362
3040 1094792
3041 1091970
3042 1088744
3043 1087426
3044 1086368
3045 1083700
3046 1082040
3047 1080988
3048 1079150
3049 1077270
3050 1075338
3051 1072342
3052 1072714
3053 1069372
3054 1067610
3055 1065284
3056 1063268
3057 1061956
3058 1058854
3059 1057792
3060 1056400
3061 1055282
3062 1052738
3063 1050884
3064 1049612
3065 1048118
3066 1046460
3067 1043478
3068 1041144
3069 1039724
3070 1038034
3071 1037802
3072 1034840
3073 1033970
3074 1030364
3075 1030198
3076 1027178
3077 1025578
3078 1023574
3079 1022100
3080 1020746
3081 1016484
3082 1016836
3083 1014644
3084 1013286
3085 1012142
3086 1007712
3087 1010044
3088 1006548
3089 1004790
3090 1001710
3091 1002012
3092 1000088
3093 998286
3094 996394
3095 995206
3096 992302
3097 990190
3098 989450
3099 987990
3100 984220
3101 984478
3102 981758
3103 982110
3104 978998
3105 977964
3106 975818
3107 974968
3108 972170
3109 970860
3110 969350
3111 968280
3112 966148
3113 964152
3114 963384
3115 962372
3116 960322
3117 956960
3118 956712
3119 954762
3120 953794
3121 953546
3122 950500
3123 948124
3124 946788
3125 946192
3126 942100
3127 941126
3128 941110
3129 938892
3130 938958
3131 936382
3132 933234
3133 932744
3134 931242
3135 929994
3136 928092
3137 926940
3138 925724
3139 925554
3140 923152
3141 922150
3142 919226
3143 918822
3144 915436
3145 915330
3146 914966
3147 912260
3148 910474
3149 908748
3150 907982
3151 906002
3152 904052
3153 902148
3154 902308
3155 901284
3156 899696
3157 896622
3158 897100
3159 894556
3160 894060
3161 891494
3162 889740
3163 888212
3164 888032
3165 884750
3166 885440
3167 883062
3168 882634
3169 880562
3170 879434
3171 876188
3172 874790
3173 874916
3174 873012
3175 871742
3176 869790
3177 868374
3178 867854
3179 867196
3180 864324
3181 863218
3182 861580
3183 860380
3184 859446
3185 859168
3186 856452
3187 855752
3188 853774
3189 850734
3190 850262
3191 848060
3192 847916
3193 844676
3194 844410
3195 844372
3196 842774
3197 840848
3198 840092
3199 838410
3200 837542
3201 835422
3202 834536
3203 833182
3204 831238
3205 831618
3206 829762
3207 827986
3208 827672
3209 825626
3210 824304
3211 822716
3212 821426
3213 820056
3214 817868
3215 818514
3216 816162
3217 812528
3218 813558
3219 811476
3220 810312
3221 807222
3222 807776
3223 807190
3224 806298
3225 803946
3226 803330
3227 800916
3228 800430
3229 799426
3230 798164
3231 795654
3232 795260
3233 792644
3234 792672
3235 790534
3236 790110
3237 789276
3238 787078
3239 786728
3240 786214
3241 784842
3242 783178
3243 781776
3244 781228
3245 780312
3246 778926
3247 776888
3248 776180
3249 773290
3250 772962
3251 774086
3252 770296
3253 770042
3254 767964
3255 766422
3256 766288
3257 764338
3258 764014
3259 763150
3260 762036
3261 760040
3262 759160
3263 756384
3264 756108
3265 755834
3266 752846
3267 752332
3268 750808
3269 749410
3270 749224
3271 748694
3272 746846
3273 745552
3274 743438
3275 743262
3276 741234
3277 739062
3278 738454
3279 738076
3280 735878
3281 735336
3282 735158
3283 733100
3284 732512
3285 729956
3286 729752
3287 727186
3288 727358
3289 726032
3290 724636
3291 724042
3292 721400
3293 722264
3294 721366
3295 718672
3296 717076
3297 716828
3298 715172
3299 714598
3300 712476
3301 711874
3302 711246
3303 710020
3304 709450
3305 707684
3306 707120
3307 705786
3308 703544
3309 703108
3310 701616
3311 701120
3312 698968
3313 696658
3314 696658
3315 696316
3316 695468
3317 693146
3318 693018
3319 691260
3320 690490
3321 688644
3322 687610
3323 686590
3324 685544
3325 683472
3326 683002
3327 681938
3328 682036
3329 680266
3330 678196
3331 678428
3332 675736
3333 676070
3334 673642
3335 673674
3336 673102
3337 672490
3338 670818
3339 669880
3340 669386
3341 667270
3342 665640
3343 664734
3344 663252
3345 662518
3346 661430
3347 660816
3348 659784
3349 659300
3350 656414
3351 655084
3352 655996
3353 652934
3354 652614
3355 651084
3356 651388
3357 649084
3358 648250
3359 646882
3360 645454
3361 646144
3362 644216
3363 642616
3364 640960
3365 640438
3366 639732
3367 638632
3368 637456
3369 636982
3370 634806
3371 633814
3372 633110
3373 631254
3374 630602
3375 629158
3376 628850
3377 627408
3378 626162
3379 624890
3380 625566
3381 624266
3382 623194
3383 621280
3384 620412
3385 618952
3386 617942
3387 616530
3388 615346
3389 615438
3390 613958
3391 613680
3392 612714
3393 610786
3394 611226
3395 609238
3396 608996
3397 606994
3398 605288
3399 604542
3400 603594
3401 601950
3402 601458
3403 601066
3404 600624
3405 598408
3406 598126
3407 596792
3408 596384
3409 595568
3410 595424
3411 593270
3412 591450
3413 590356
3414 589880
3415 589204
3416 587668
3417 587092
3418 585862
3419 585198
3420 584426
3421 584210
3422 583970
3423 581814
3424 581360
3425 579844
3426 578774
3427 578026
3428 577912
3429 577256
3430 574984
3431 573968
3432 573354
3433 572070
3434 571236
3435 570608
3436 569414
3437 567828
3438 568212
3439 566866
3440 565690
3441 563732
3442 564020
3443 562332
3444 561826
3445 561018
3446 559586
3447 558764
3448 558352
3449 557488
3450 555988
3451 554998
3452 554010
3453 553174
3454 552794
3455 551182
3456 550224
3457 549424
3458 548194
3459 548326
3460 547198
3461 545260
3462 545188
3463 543798
3464 543152
3465 541208
3466 541426
3467 540680
3468 538650
3469 539566
3470 537782
3471 537186
3472 535716
3473 535416
3474 534408
3475 532880
3476 531136
3477 532340
3478 530734
3479 529540
3480 527462
3481 527572
3482 526890
3483 525702
3484 524602
3485 524608
3486 522978
3487 523148
3488 521034
3489 520014
3490 519946
3491 518650
3492 517924
3493 517528
3494 516576
3495 515752
3496 515040
3497 513814
3498 512364
3499 511334
3500 510986
3501 510018
3502 510260
3503 508240
3504 507756
3505 507952
3506 506328
3507 506282
3508 505312
3509 504360
3510 502908
3511 501888
3512 501792
3513 500298
3514 498864
3515 499350
3516 497890
3517 497322
3518 495660
3519 495270
3520 494872
3521 493442
3522 493100
3523 493168
3524 490950
3525 490696
3526 490176
3527 488992
3528 487794
3529 486720
3530 485724
3531 485560
3532 484968
3533 484316
3534 482848
3535 482978
3536 481480
3537 480880
3538 479874
3539 479580
3540 478532
3541 477308
3542 476060
3543 475372
3544 475484
3545 474344
3546 473036
3547 471556
3548 472704
3549 470842
3550 469796
3551 470108
3552 469102
3553 468530
3554 467720
3555 466688
3556 466180
3557 464958
3558 464186
3559 462966
3560 462318
3561 462004
3562 461742
3563 460462
3564 459814
3565 457736
3566 457568
3567 456968
3568 456310
3569 455712
3570 453358
3571 453992
3572 452080
3573 452282
3574 451862
3575 450686
3576 450086
3577 449358
3578 448418
3579 446880
3580 446910
3581 446270
3582 445776
3583 444098
3584 443902
3585 443510
3586 442700
3587 442064
3588 440632
3589 440854
3590 440176
3591 439034
3592 438256
3593 437616
3594 435472
3595 435150
3596 435248
3597 433630
3598 434364
3599 432352
3600 430926
3601 431258
3602 430408
3603 429746
3604 428220
3605 428386
3606 426820
3607 426488
3608 425772
3609 425250
3610 424520
3611 423542
3612 422964
3613 422592
3614 421794
3615 419698
3616 419410
3617 419572
3618 419522
3619 418602
3620 416306
3621 416494
3622 416116
3623 414838
3624 414812
3625 412994
3626 412702
3627 411770
3628 411138
3629 410704
3630 410050
3631 408814
3632 408340
3633 407648
3634 406850
3635 406098
3636 405194
3637 405126
3638 403858
3639 404372
3640 402210
3641 401248
3642 400852
3643 399526
3644 399306
3645 398904
3646 398020
3647 396188
3648 395928
3649 396584
3650 395740
3651 393766
3652 393510
3653 393660
3654 392320
3655 391086
3656 390294
3657 389164
3658 388450
3659 388330
3660 388002
3661 388100
3662 387110
3663 387390
3664 385574
3665 385008
3666 384164
3667 383956
3668 382696
3669 382222
3670 382498
3671 380696
3672 378922
3673 379506
3674 378318
3675 377678
3676 377648
3677 376932
3678 375128
3679 376238
3680 374932
3681 373942
3682 373988
3683 372554
3684 372258
3685 372376
3686 371120
3687 370534
3688 369648
3689 368560
3690 367976
3691 367668
3692 367326
3693 366274
3694 365370
3695 365398
3696 364292
3697 363632
3698 363538
3699 362250
3700 361874
3701 360726
3702 360202
3703 359102
3704 359102
3705 358432
3706 358562
3707 357350
3708 357304
3709 356692
3710 355356
3711 355162
3712 353956
3713 353534
3714 352604
3715 351352
3716 352136
3717 350822
3718 351150
3719 350008
3720 348866
3721 349508
3722 347772
3723 347232
3724 346618
3725 345764
3726 345118
3727 345094
3728 343154
3729 344338
3730 343106
3731 342132
3732 341614
3733 340898
3734 340314
3735 339914
3736 338514
3737 338006
3738 337446
3739 337528
3740 336432
3741 335414
3742 335148
3743 334590
3744 334670
3745 333170
3746 332598
3747 331160
3748 330876
3749 330170
3750 330114
3751 329152
3752 328646
3753 327690
3754 327406
3755 326936
3756 326536
3757 326188
3758 325330
3759 324658
3760 323462
3761 323692
3762 323430
3763 322302
3764 320502
3765 320348
3766 319876
3767 319894
3768 319130
3769 318228
3770 318064
3771 317080
3772 316180
3773 315844
3774 315468
3775 315386
3776 314316
3777 314278
3778 313292
3779 312864
3780 312016
3781 311098
3782 311562
3783 310006
3784 309684
3785 308578
3786 308402
3787 308370
3788 306928
3789 306726
3790 305708
3791 304670
3792 305324
3793 304648
3794 304360
3795 302612
3796 302220
3797 301538
3798 301988
3799 301048
3800 300154
3801 299650
3802 298930
3803 298772
3804 298016
3805 297448
3806 297364
3807 296518
3808 296150
3809 294692
3810 294802
3811 293054
3812 293562
3813 293188
3814 292480
3815 292260
3816 291696
3817 290088
3818 290176
3819 290342
3820 289746
3821 288676
3822 287932
3823 287844
3824 287872
3825 286836
3826 285666
3827 285636
3828 284642
3829 284782
3830 283682
3831 284244
3832 283500
3833 282018
3834 282192
3835 281042
3836 281270
3837 280110
3838 279954
3839 278440
3840 278504
3841 278554
3842 277214
3843 277548
3844 277194
3845 276122
3846 275950
3847 275306
3848 275460
3849 273810
3850 273662
3851 272570
3852 272696
3853 271708
3854 271126
3855 271076
3856 270704
3857 270302
3858 269636
3859 269424
3860 268072
3861 268038
3862 266652
3863 267342
3864 265810
3865 266458
3866 265736
3867 264480
3868 263740
3869 263882
3870 262560
3871 262778
3872 262088
3873 261304
3874 260764
3875 261050
3876 259858
3877 259252
3878 259170
3879 258318
3880 258186
3881 257448
3882 257710
3883 256962
3884 255310
3885 255246
3886 255600
3887 254986
3888 254384
3889 254118
3890 253432
3891 252632
3892 252100
3893 251764
3894 250558
3895 250732
3896 249716
3897 250580
3898 249316
3899 248328
3900 248374
3901 247846
3902 247746
3903 246796
3904 246598
3905 246474
3906 246060
3907 245378
3908 245128
3909 244576
3910 243916
3911 243348
3912 242394
3913 241442
3914 241492
3915 241404
3916 240774
3917 240284
3918 239526
3919 239260
3920 238332
3921 238152
3922 238520
3923 237162
3924 236674
3925 236100
3926 235792
3927 235652
3928 234908
3929 234390
3930 233856
3931 233512
3932 233374
3933 232994
3934 231748
3935 231234
3936 230676
3937 230694
3938 229700
3939 229922
3940 229250
3941 228930
3942 228162
3943 228528
3944 228204
3945 227054
3946 226616
3947 225608
3948 225364
3949 225332
3950 224284
3951 224328
3952 224238
3953 223438
3954 223144
3955 223010
3956 222344
3957 221376
3958 221464
3959 220824
3960 220190
3961 220014
3962 219132
3963 218964
3964 218942
3965 218028
3966 217974
3967 217392
3968 216566
3969 215680
3970 216278
3971 215696
3972 214810
3973 215108
3974 213668
3975 214048
3976 212742
3977 212758
3978 212342
3979 211984
3980 211214
3981 210430
3982 210692
3983 210542
3984 209756
3985 209236
3986 209414
3987 208650
3988 207940
3989 208018
3990 207352
3991 207176
3992 206464
3993 207060
3994 205334
3995 204686
3996 204254
3997 203916
3998 203576
3999 203286
4000 202640
4001 202700
4002 201474
4003 201486
4004 201288
4005 200548
4006 200120
4007 199696
4008 199348
4009 198500
4010 198152
4011 197614
4012 197550
4013 197524
4014 196646
4015 195982
4016 195968
4017 195422
4018 195384
4019 194078
4020 194440
4021 194196
4022 193168
4023 193068
4024 192822
4025 191826
4026 191656
4027 191054
4028 190368
4029 189674
4030 190412
4031 189324
4032 189056
4033 188612
4034 188446
4035 188050
4036 187798
4037 187444
4038 185996
4039 186002
4040 186518
4041 185678
4042 185234
4043 184530
4044 184272
4045 183762
4046 182812
4047 183044
4048 182946
4049 182198
4050 181922
4051 181912
4052 180866
4053 180330
4054 180340
4055 180014
4056 179930
4057 178996
4058 178330
4059 178268
4060 177806
4061 177772
4062 177212
4063 176870
4064 175816
4065 176266
4066 175790
4067 175604
4068 175210
4069 174528
4070 174146
4071 173636
4072 173472
4073 173270
4074 172570
4075 172266
4076 172432
4077 171804
4078 171220
4079 170966
4080 170008
4081 170210
4082 169600
4083 169624
4084 168810
4085 168230
4086 168448
4087 168308
4088 167206
4089 167290
4090 166712
4091 166356
4092 166030
4093 165358
4094 165300
4095 164988
4096 164606
4097 164488
4098 163796
4099 163966
4100 163314
4101 162314
4102 162474
4103 162286
4104 161696
4105 161370
4106 161204
4107 160568
4108 160218
4109 159814
4110 159658
4111 159104
4112 159250
4113 158816
4114 158616
4115 157774
4116 158032
4117 157818
4118 157180
4119 156770
4120 155776
4121 156112
4122 155844
4123 155196
4124 154848
4125 154588
4126 153900
4127 154104
4128 153504
4129 153720
4130 153120
4131 152834
4132 152988
4133 152386
4134 152276
4135 151934
4136 151782
4137 151306
4138 150712
4139 150804
4140 149394
4141 149974
4142 149548
4143 149352
4144 149020
4145 148668
4146 147840
4147 147246
4148 147450
4149 147382
4150 146354
4151 146628
4152 146822
4153 146160
4154 145798
4155 145568
4156 144900
4157 144704
4158 144052
4159 144214
4160 143772
4161 143362
4162 143010
4163 142936
4164 142692
4165 142444
4166 141888
4167 141374
4168 141440
4169 141056
4170 140774
4171 140184
4172 140260
4173 139782
4174 139318
4175 138714
4176 138826
4177 138406
4178 138096
4179 137656
4180 137534
4181 136904
4182 136144
4183 136522
4184 136578
4185 135834
4186 135488
4187 135028
4188 134704
4189 134758
4190 134436
4191 134272
4192 133724
4193 133982
4194 133132
4195 132986
4196 132346
4197 132152
4198 132016
4199 132034
4200 131288
4201 131172
4202 130622
4203 130568
4204 130208
4205 129830
4206 130240
4207 129492
4208 129598
4209 129250
4210 128562
4211 128566
4212 128434
4213 128134
4214 127916
4215 127640
4216 127142
4217 126720
4218 126666
4219 126216
4220 125954
4221 125552
4222 125342
4223 124950
4224 125136
4225 124398
4226 124750
4227 124580
4228 123732
4229 123682
4230 123880
4231 123342
4232 123260
4233 122568
4234 122550
4235 122128
4236 121876
4237 121818
4238 121408
4239 121050
4240 120652
4241 120314
4242 120836
4243 120020
4244 119660
4245 119598
4246 119018
4247 118894
4248 118694
4249 118932
4250 118316
4251 118126
4252 118078
4253 117748
4254 117336
4255 116860
4256 117030
4257 116336
4258 116646
4259 115680
4260 115718
4261 115218
4262 115088
4263 114880
4264 114468
4265 114310
4266 114056
4267 114006
4268 113930
4269 113454
4270 113094
4271 112798
4272 112728
4273 112770
4274 112466
4275 112478
4276 111752
4277 111682
4278 111232
4279 111076
4280 111134
4281 110342
4282 109850
4283 110154
4284 109794
4285 109842
4286 109600
4287 109530
4288 108838
4289 108814
4290 108618
4291 108486
4292 107906
4293 107864
4294 107710
4295 107208
4296 107202
4297 106986
4298 106678
4299 106870
4300 105924
4301 105920
4302 105584
4303 105280
4304 105494
4305 104770
4306 104678
4307 104408
4308 104206
4309 103942
4310 104036
4311 103966
4312 103272
4313 103194
4314 103082
4315 102884
4316 102792
4317 102636
4318 102556
4319 102516
4320 102166
4321 101822
4322 101312
4323 101408
4324 101076
4325 100820
4326 101012
4327 100644
4328 100022
4329 100028
4330 100054
4331 99702
4332 99888
4333 99150
4334 99288
4335 98778
4336 99008
4337 98946
4338 98600
4339 98036
4340 97992
4341 98136
4342 98234
4343 97972
4344 97680
4345 97186
4346 97070
4347 97052
4348 96326
4349 96634
4350 96274
4351 96202
4352 95756
4353 95414
4354 95730
4355 95090
4356 95400
4357 95046
4358 94798
4359 94778
4360 94904
4361 94118
4362 94198
4363 94296
4364 93638
4365 93758
4366 93538
4367 93716
4368 93514
4369 93306
4370 92866
4371 92876
4372 92840
4373 92462
4374 92336
4375 91820
4376 92156
4377 92036
4378 91468
4379 91534
4380 91212
4381 90866
4382 90836
4383 90590
4384 90678
4385 90362
4386 90380
4387 90464
4388 89860
4389 89828
4390 89484
4391 89492
4392 89182
4393 89238
4394 88782
4395 88932
4396 88390
4397 88494
4398 88122
4399 87792
4400 88260
4401 87504
4402 87192
4403 87114
4404 86844
4405 86938
4406 87060
4407 86668
4408 86664
4409 86486
4410 86414
4411 85930
4412 85856
4413 85386
4414 85414
4415 85360
4416 85140
4417 84948
4418 85000
4419 84520
4420 84444
4421 84282
4422 84146
4423 83894
4424 83664
4425 83930
4426 83706
4427 83484
4428 83352
4429 83096
4430 82940
4431 82838
4432 82552
4433 82160
4434 82204
4435 82082
4436 82156
4437 81648
4438 81564
4439 81620
4440 81268
4441 81106
4442 81122
4443 80856
4444 80920
4445 80238
4446 80472
4447 80236
4448 80018
4449 80116
4450 79756
4451 79444
4452 79188
4453 79224
4454 79484
4455 79214
4456 78752
4457 78668
4458 78690
4459 78668
4460 78224
4461 78048
4462 78010
4463 77966
4464 77822
4465 77582
4466 77516
4467 77144
4468 77416
4469 77090
4470 76588
4471 76612
4472 76490
4473 76544
4474 76308
4475 76186
4476 75758
4477 76068
4478 75624
4479 75592
4480 75286
4481 75446
4482 75202
4483 74964
4484 75000
4485 75336
4486 74764
4487 74542
4488 74588
4489 74344
4490 74378
4491 74266
4492 74034
4493 74096
4494 74012
4495 73932
4496 73614
4497 73408
4498 73296
4499 73406
4500 72956
4501 73026
4502 73192
4503 72484
4504 72796
4505 72426
4506 72744
4507 72540
4508 72502
4509 71942
4510 72102
4511 71954
4512 72064
4513 71858
4514 71318
4515 71364
4516 71266
4517 71442
4518 70890
4519 70738
4520 70778
4521 70560
4522 70512
4523 70286
4524 70286
4525 70278
4526 70074
4527 69988
4528 70002
4529 69656
4530 69568
4531 69662
4532 68996
4533 69152
4534 69188
4535 69014
4536 68866
4537 68518
4538 68822
4539 68652
4540 68384
4541 68322
4542 68200
4543 68252
4544 68024
4545 67704
4546 67874
4547 67574
4548 67776
4549 67830
4550 67740
4551 67430
4552 67188
4553 67302
4554 67266
4555 66980
4556 66798
4557 66806
4558 66576
4559 66746
4560 66536
4561 66516
4562 66394
4563 66140
4564 66064
4565 65626
4566 65750
4567 65722
4568 65562
4569 65286
4570 65450
4571 65362
4572 65294
4573 65014
4574 64974
4575 64862
4576 64986
4577 64592
4578 64740
4579 64368
4580 64364
4581 64434
4582 64096
4583 64032
4584 63628
4585 63814
4586 63846
4587 63658
4588 63642
4589 63322
4590 63384
4591 62994
4592 63312
4593 63178
4594 62646
4595 62684
4596 62592
4597 62606
4598 62210
4599 62546
4600 62436
4601 61880
4602 61826
4603 61820
4604 61622
4605 61556
4606 61450
4607 61322
4608 61278
4609 61162
4610 61084
4611 60844
4612 61144
4613 60854
4614 60432
4615 60320
4616 60494
4617 60318
4618 60538
4619 60088
4620 60376
4621 59794
4622 59830
4623 59742
4624 59710
4625 59614
4626 59522
4627 59222
4628 59042
4629 59248
4630 59052
4631 59050
4632 58764
4633 58654
4634 58470
4635 58406
4636 58414
4637 58448
4638 58074
4639 58288
4640 58180
4641 57806
4642 58138
4643 57926
4644 57688
4645 57716
4646 57802
4647 57380
4648 57446
4649 57226
4650 57204
4651 57154
4652 56990
4653 56956
4654 56772
4655 56576
4656 56708
4657 56360
4658 56370
4659 56302
4660 56324
4661 56190
4662 56112
4663 56122
4664 56358
4665 56016
4666 55708
4667 55706
4668 55568
4669 55678
4670 55678
4671 55428
4672 55120
4673 54892
4674 55048
4675 55162
4676 54934
4677 54838
4678 54684
4679 54588
4680 54370
4681 54404
4682 54536
4683 54174
4684 54042
4685 54178
4686 54058
4687 54028
4688 53798
4689 53602
4690 53712
4691 53542
4692 53488
4693 53348
4694 53350
4695 53198
4696 52838
4697 52906
4698 52960
4699 52750
4700 52696
4701 52638
4702 52526
4703 52424
4704 52372
4705 52288
4706 52432
4707 52148
4708 52132
4709 51790
4710 51972
4711 51822
4712 51692
4713 51396
4714 51484
4715 51450
4716 51370
4717 51344
4718 51094
4719 51118
4720 50916
4721 50836
4722 50852
4723 50682
4724 50852
4725 50300
4726 50370
4727 50488
4728 50082
4729 50212
4730 49692
4731 50116
4732 50040
4733 49810
4734 49992
4735 49694
4736 49890
4737 49516
4738 49508
4739 49446
4740 49310
4741 49194
4742 49306
4743 49066
4744 49246
4745 48808
4746 48778
4747 48524
4748 48704
4749 48570
4750 48544
4751 48348
4752 48510
4753 48318
4754 48158
4755 48374
4756 48014
4757 48052
4758 47844
4759 47586
4760 47538
4761 47524
4762 47472
4763 47462
4764 47416
4765 47118
4766 47176
4767 47332
4768 47168
4769 46834
4770 46780
4771 46774
4772 46856
4773 46660
4774 46348
4775 46354
4776 46074
4777 46266
4778 46044
4779 46190
4780 45958
4781 46046
4782 45596
4783 45738
4784 45572
4785 45442
4786 45408
4787 45480
4788 45216
4789 45230
4790 45214
4791 45054
4792 44694
4793 44716
4794 44684
4795 44662
4796 44576
4797 44490
4798 44336
4799 44400
4800 44200
4801 44016
4802 44128
4803 44196
4804 44096
4805 43860
4806 43798
4807 43612
4808 43620
4809 43446
4810 43548
4811 43186
4812 43290
4813 43118
4814 42970
4815 42890
4816 42874
4817 42964
4818 42782
4819 42714
4820 42600
4821 42268
4822 42186
4823 42474
4824 42048
4825 42232
4826 42116
4827 42030
4828 42080
4829 41730
4830 41608
4831 41500
4832 41580
4833 41140
4834 41320
4835 40986
4836 41246
4837 40942
4838 40866
4839 40884
4840 40684
4841 40794
4842 40582
4843 40570
4844 40592
4845 40516
4846 40370
4847 40116
4848 40324
4849 39948
4850 39950
4851 39848
4852 39876
4853 39874
4854 39682
4855 39602
4856 39732
4857 39428
4858 39562
4859 39420
4860 39260
4861 39192
4862 39174
4863 39200
4864 39002
4865 38980
4866 38730
4867 38814
4868 38840
4869 38598
4870 38538
4871 38282
4872 38572
4873 38298
4874 38406
4875 38114
4876 38036
4877 38128
4878 37866
4879 37970
4880 37822
4881 37632
4882 37666
4883 37488
4884 37644
4885 37508
4886 37394
4887 37468
4888 37370
4889 37164
4890 37100
4891 37116
4892 36938
4893 37090
4894 36840
4895 36796
4896 36610
4897 36690
4898 36718
4899 36460
4900 36404
4901 36516
4902 36402
4903 36174
4904 36238
4905 36236
4906 36144
4907 35872
4908 35958
4909 35608
4910 35770
4911 35634
4912 35510
4913 35400
4914 35542
4915 35522
4916 35358
4917 35288
4918 35352
4919 35250
4920 35052
4921 35290
4922 35034
4923 34820
4924 34908
4925 34844
4926 34696
4927 34808
4928 34512
4929 34550
4930 34378
4931 34272
4932 34272
4933 34212
4934 34040
4935 34012
4936 34250
4937 34084
4938 33866
4939 33684
4940 33742
4941 33662
4942 33478
4943 33558
4944 33374
4945 33316
4946 33202
4947 33368
4948 33202
4949 33188
4950 33142
4951 32904
4952 32954
4953 32944
4954 32976
4955 32986
4956 32796
4957 32730
4958 32698
4959 32644
4960 32468
4961 32268
4962 32324
4963 32354
4964 32242
4965 32142
4966 32046
4967 32168
4968 31878
4969 31934
4970 31872
4971 31804
4972 31598
4973 31686
4974 31588
4975 31770
4976 31618
4977 31628
4978 31228
4979 31274
4980 31256
4981 31046
4982 31038
4983 31014
4984 30790
4985 30954
4986 30812
4987 30904
4988 30692
4989 30646
4990 30498
4991 30508
4992 30346
4993 30470
4994 30348
4995 30278
4996 30130
4997 30026
4998 30046
4999 30000
5000 29886
5001 29932
5002 29798
5003 29958
5004 29548
5005 29530
5006 29614
5007 29784
5008 29452
5009 29432
5010 29226
5011 29330
5012 29314
5013 29098
5014 29076
5015 28986
5016 29142
5017 28890
5018 28976
5019 28778
5020 28848
5021 28820
5022 28552
5023 28472
5024 28580
5025 28570
5026 28396
5027 28206
5028 28304
5029 28202
5030 28204
5031 28182
5032 28070
5033 28066
5034 27856
5035 27810
5036 27866
5037 27998
5038 27596
5039 27634
5040 27372
5041 27410
5042 27366
5043 27250
5044 27380
5045 27280
5046 27228
5047 27094
5048 26850
5049 26912
5050 26888
5051 26770
5052 26980
5053 26680
5054 26474
5055 26434
5056 26392
5057 26388
5058 26362
5059 26432
5060 26250
5061 26160
5062 26202
5063 25962
5064 26168
5065 25756
5066 25978
5067 25726
5068 25832
5069 25852
5070 25774
5071 25492
5072 25598
5073 25444
5074 25526
5075 25474
5076 25254
5077 25384
5078 25210
5079 24866
5080 25106
5081 25012
5082 24826
5083 24932
5084 24784
5085 24756
5086 24594
5087 24490
5088 24406
5089 24478
5090 24288
5091 24440
5092 24192
5093 24192
5094 24048
5095 24160
5096 23956
5097 23946
5098 23888
5099 23798
5100 23792
5101 23700
5102 23800
5103 23718
5104 23642
5105 23554
5106 23482
5107 23464
5108 23438
5109 23420
5110 23308
5111 23158
5112 23358
5113 23190
5114 23110
5115 23202
5116 23222
5117 23232
5118 23110
5119 22894
5120 22868
5121 22930
5122 22830
5123 22814
5124 22736
5125 22702
5126 22568
5127 22538
5128 22498
5129 22466
5130 22452
5131 22364
5132 22360
5133 22380
5134 22230
5135 22228
5136 22180
5137 22138
5138 22006
5139 21886
5140 22000
5141 21934
5142 21744
5143 21808
5144 21830
5145 21678
5146 21652
5147 21640
5148 21644
5149 21506
5150 21352
5151 21396
5152 21304
5153 21450
5154 21346
5155 21246
5156 21056
5157 21198
5158 21112
5159 21016
5160 21116
5161 20958
5162 20894
5163 20752
5164 20784
5165 20686
5166 20658
5167 20728
5168 20582
5169 20698
5170 20566
5171 20586
5172 20564
5173 20398
5174 20446
5175 20314
5176 20304
5177 20206
5178 20112
5179 20102
5180 20036
5181 19964
5182 20032
5183 19908
5184 19956
5185 19908
5186 19908
5187 19674
5188 19690
5189 19816
5190 19568
5191 19644
5192 19544
5193 19542
5194 19452
5195 19408
5196 19278
5197 19440
5198 19414
5199 19240
5200 19294
5201 19270
5202 19080
5203 19074
5204 19134
5205 18888
5206 18998
5207 18922
5208 18900
5209 18960
5210 18900
5211 18914
5212 18818
5213 18828
5214 18792
5215 18644
5216 18556
5217 18586
5218 18462
5219 18392
5220 18428
5221 18358
5222 18198
5223 18214
5224 18194
5225 18096
5226 18100
5227 18130
5228 18018
5229 18112
5230 18040
5231 17912
5232 17938
5233 18026
5234 17766
5235 17716
5236 17756
5237 17776
5238 17562
5239 17580
5240 17596
5241 17494
5242 17546
5243 17390
5244 17488
5245 17402
5246 17506
5247 17228
5248 17246
5249 17250
5250 17130
5251 17110
5252 17102
5253 17140
5254 16974
5255 16854
5256 16872
5257 16704
5258 16922
5259 16694
5260 16738
5261 16632
5262 16680
5263 16748
5264 16586
5265 16466
5266 16386
5267 16492
5268 16382
5269 16292
5270 16300
5271 16412
5272 16266
5273 16050
5274 16156
5275 16008
5276 16024
5277 16028
5278 15834
5279 15974
5280 15962
5281 15760
5282 15744
5283 15824
5284 15682
5285 15766
5286 15658
5287 15612
5288 15668
5289 15440
5290 15538
5291 15440
5292 15378
5293 15374
5294 15240
5295 15228
5296 15230
5297 15228
5298 15174
5299 15190
5300 15072
5301 14932
5302 14908
5303 15006
5304 14842
5305 14880
5306 14884
5307 14776
5308 14686
5309 14812
5310 14602
5311 14656
5312 14602
5313 14474
5314 14568
5315 14554
5316 14428
5317 14406
5318 14444
5319 14420
5320 14318
5321 14316
5322 14164
5323 14276
5324 14264
5325 14174
5326 14016
5327 14082
5328 13954
5329 13894
5330 13958
5331 14000
5332 13892
5333 13826
5334 13806
5335 13822
5336 13820
5337 13774
5338 13688
5339 13776
5340 13742
5341 13672
5342 13620
5343 13538
5344 13562
5345 13496
5346 13390
5347 13422
5348 13504
5349 13410
5350 13370
5351 13290
5352 13198
5353 13236
5354 13288
5355 13166
5356 13166
5357 13110
5358 13058
5359 13054
5360 13012
5361 13062
5362 12980
5363 12978
5364 12958
5365 12902
5366 12822
5367 12850
5368 12862
5369 12794
5370 12666
5371 12706
5372 12744
5373 12730
5374 12562
5375 12650
5376 12636
5377 12546
5378 12472
5379 12448
5380 12488
5381 12362
5382 12428
5383 12346
5384 12404
5385 12328
5386 12288
5387 12210
5388 12282
5389 12206
5390 12152
5391 12150
5392 12136
5393 12098
5394 12100
5395 11964
5396 11996
5397 11968
5398 11902
5399 11862
5400 11816
5401 11838
5402 11772
5403 11756
5404 11758
5405 11784
5406 11666
5407 11748
5408 11626
5409 11612
5410 11530
5411 11614
5412 11472
5413 11488
5414 11470
5415 11420
5416 11336
5417 11352
5418 11302
5419 11342
5420 11348
5421 11244
5422 11258
5423 11068
5424 11156
5425 11168
5426 11114
5427 11058
5428 10992
5429 10994
5430 10950
5431 10922
5432 10896
5433 10914
5434 10864
5435 10918
5436 10924
5437 10820
5438 10692
5439 10800
5440 10682
5441 10762
5442 10672
5443 10718
5444 10586
5445 10652
5446 10544
5447 10632
5448 10574
5449 10582
5450 10522
5451 10454
5452 10474
5453 10566
5454 10346
5455 10410
5456 10356
5457 10388
5458 10348
5459 10240
5460 10224
5461 10316
5462 10226
5463 10286
5464 10126
5465 10158
5466 10152
5467 10038
5468 10112
5469 10122
5470 10032
5471 10134
5472 9922
5473 9924
5474 10008
5475 9924
5476 9992
5477 9928
5478 9870
5479 9830
5480 9816
5481 9708
5482 9768
5483 9758
5484 9692
5485 9624
5486 9616
5487 9734
5488 9712
5489 9660
5490 9532
5491 9604
5492 9514
5493 9488
5494 9376
5495 9464
5496 9402
5497 9450
5498 9438
5499 9418
5500 9428
5501 9230
5502 9286
5503 9252
5504 9214
5505 9240
5506 9230
5507 9168
5508 9118
5509 9114
5510 9040
5511 8962
5512 9124
5513 9078
5514 9066
5515 9062
5516 9110
5517 9012
5518 9028
5519 8920
5520 8950
5521 8914
5522 8968
5523 8866
5524 8792
5525 8888
5526 8806
5527 8770
5528 8750
5529 8748
5530 8652
5531 8800
5532 8710
5533 8682
5534 8672
5535 8692
5536 8748
5537 8610
5538 8620
5539 8642
5540 8574
5541 8588
5542 8554
5543 8500
5544 8472
5545 8470
5546 8404
5547 8422
5548 8492
5549 8422
5550 8450
5551 8424
5552 8358
5553 8218
5554 8338
5555 8320
5556 8356
5557 8308
5558 8226
5559 8248
5560 8258
5561 8196
5562 8076
5563 8172
5564 8154
5565 8100
5566 8166
5567 8024
5568 8026
5569 8038
5570 8084
5571 8006
5572 7968
5573 7984
5574 7984
5575 7908
5576 7902
5577 7912
5578 7892
5579 7970
5580 7826
5581 7796
5582 7712
5583 7818
5584 7808
5585 7718
5586 7724
5587 7718
5588 7746
5589 7726
5590 7678
5591 7702
5592 7596
5593 7632
5594 7582
5595 7616
5596 7630
5597 7556
5598 7480
5599 7510
5600 7482
5601 7522
5602 7450
5603 7478
5604 7450
5605 7396
5606 7364
5607 7434
5608 7400
5609 7320
5610 7350
5611 7294
5612 7248
5613 7298
5614 7186
5615 7230
5616 7210
5617 7216
5618 7160
5619 7128
5620 7162
5621 7144
5622 7078
5623 7056
5624 7086
5625 7058
5626 7084
5627 7042
5628 6970
5629 6946
5630 6952
5631 6952
5632 6918
5633 6920
5634 6886
5635 6800
5636 6834
5637 6738
5638 6774
5639 6734
5640 6726
5641 6678
5642 6638
5643 6654
5644 6762
5645 6706
5646 6628
5647 6604
5648 6584
5649 6518
5650 6622
5651 6636
5652 6562
5653 6552
5654 6498
5655 6472
5656 6462
5657 6484
5658 6430
5659 6424
5660 6434
5661 6474
5662 6384
5663 6362
5664 6284
5665 6314
5666 6302
5667 6252
5668 6292
5669 6286
5670 6262
5671 6168
5672 6246
5673 6194
5674 6104
5675 6186
5676 6088
5677 6024
5678 6152
5679 5996
5680 5998
5681 6036
5682 6048
5683 5966
5684 5984
5685 6006
5686 5964
5687 5950
5688 5900
5689 5812
5690 5886
5691 5876
5692 5828
5693 5780
5694 5834
5695 5844
5696 5754
5697 5800
5698 5732
5699 5696
5700 5762
5701 5692
5702 5676
5703 5676
5704 5668
5705 5638
5706 5596
5707 5630
5708 5514
5709 5482
5710 5462
5711 5500
5712 5526
5713 5466
5714 5454
5715 5458
5716 5460
5717 5454
5718 5382
5719 5382
5720 5348
5721 5274
5722 5372
5723 5236
5724 5272
5725 5286
5726 5242
5727 5200
5728 5134
5729 5178
5730 5248
5731 5234
5732 5112
5733 5160
5734 5146
5735 5052
5736 5110
5737 5096
5738 5014
5739 5010
5740 5024
5741 5048
5742 5040
5743 4926
5744 4966
5745 4952
5746 4894
5747 4906
5748 4952
5749 4890
5750 4904
5751 4854
5752 4866
5753 4846
5754 4854
5755 4832
5756 4778
5757 4820
5758 4760
5759 4688
5760 4652
5761 4670
5762 4638
5763 4640
5764 4628
5765 4574
5766 4538
5767 4622
5768 4546
5769 4574
5770 4532
5771 4526
5772 4508
5773 4446
5774 4442
5775 4452
5776 4428
5777 4510
5778 4416
5779 4322
5780 4358
5781 4342
5782 4364
5783 4288
5784 4308
5785 4260
5786 4232
5787 4300
5788 4196
5789 4194
5790 4162
5791 4226
5792 4148
5793 4126
5794 4152
5795 4112
5796 4138
5797 4078
5798 4054
5799 4086
5800 4094
5801 4126
5802 4042
5803 4016
5804 4004
5805 4016
5806 3948
5807 3986
5808 3944
5809 3906
5810 3860
5811 3888
5812 3884
5813 3866
5814 3816
5815 3838
5816 3830
5817 3776
5818 3802
5819 3772
5820 3792
5821 3770
5822 3698
5823 3716
5824 3730
5825 3690
5826 3702
5827 3602
5828 3718
5829 3680
5830 3620
5831 3644
5832 3640
5833 3532
5834 3570
5835 3600
5836 3588
5837 3542
5838 3532
5839 3456
5840 3468
5841 3488
5842 3438
5843 3448
5844 3438
5845 3378
5846 3440
5847 3452
5848 3412
5849 3382
5850 3346
5851 3388
5852 3376
5853 3342
5854 3304
5855 3266
5856 3314
5857 3254
5858 3218
5859 3242
5860 3242
5861 3232
5862 3200
5863 3182
5864 3156
5865 3116
5866 3086
5867 3152
5868 3140
5869 3076
5870 3090
5871 3072
5872 3058
5873 3022
5874 3000
5875 3050
5876 3022
5877 3040
5878 2986
5879 2962
5880 2996
5881 2964
5882 2890
5883 2918
5884 2880
5885 2914
5886 2880
5887 2862
5888 2826
5889 2822
5890 2818
5891 2798
5892 2798
5893 2840
5894 2788
5895 2828
5896 2714
5897 2752
5898 2670
5899 2684
5900 2650
5901 2632
5902 2606
5903 2626
5904 2598
5905 2590
5906 2636
5907 2626
5908 2580
5909 2582
5910 2570
5911 2606
5912 2534
5913 2502
5914 2488
5915 2450
5916 2454
5917 2386
5918 2434
5919 2364
5920 2430
5921 2414
5922 2408
5923 2396
5924 2364
5925 2326
5926 2312
5927 2318
5928 2316
5929 2298
5930 2250
5931 2250
5932 2244
5933 2242
5934 2198
5935 2178
5936 2208
5937 2160
5938 2140
5939 2100
5940 2110
5941 2110
5942 2064
5943 2058
5944 2032
5945 2052
5946 2010
5947 2006
5948 1966
5949 1956
5950 1978
5951 1962
5952 1918
5953 1944
5954 1894
5955 1872
5956 1910
5957 1872
5958 1844
5959 1822
5960 1810
5961 1780
5962 1794
5963 1752
5964 1754
5965 1714
5966 1768
5967 1736
5968 1734
5969 1684
5970 1652
5971 1694
5972 1676
5973 1660
5974 1678
5975 1616
5976 1606
5977 1612
5978 1568
5979 1534
5980 1566
5981 1540
5982 1514
5983 1522
5984 1508
5985 1472
5986 1480
5987 1438
5988 1432
5989 1436
5990 1422
5991 1410
5992 1400
5993 1366
5994 1364
5995 1366
5996 1340
5997 1316
5998 1318
5999 1326
6000 1318
6001 1324
6002 1290
6003 1280
6004 1290
6005 1284
6006 1276
6007 1288
6008 1258
6009 1200
6010 1208
6011 1186
6012 1198
6013 1150
6014 1152
6015 1150
6016 1142
6017 1134
6018 1146
6019 1144
6020 1114
6021 1104
6022 1116
6023 1092
6024 1070
6025 1062
6026 1074
6027 1090
6028 1094
6029 1054
6030 1046
6031 1060
6032 1052
6033 1006
6034 986
6035 1010
6036 1012
6037 1008
6038 970
6039 972
6040 954
6041 958
6042 936
6043 942
6044 946
6045 924
6046 892
6047 894
6048 876
6049 880
6050 872
6051 870
6052 850
6053 872
6054 842
6055 842
6056 854
6057 824
6058 818
6059 816
6060 804
6061 794
6062 788
6063 756
6064 758
6065 752
6066 768
6067 748
6068 724
6069 696
6070 692
6071 700
6072 664
6073 670
6074 662
6075 660
6076 638
6077 634
6078 632
6079 630
6080 636
6081 608
6082 594
6083 618
6084 624
6085 590
6086 574
6087 592
6088 572
6089 552
6090 526
6091 520
6092 534
6093 518
6094 484
6095 486
6096 478
6097 462
6098 450
6099 432
6100 442
6101 444
6102 428
6103 412
6104 406
6105 394
6106 380
6107 366
6108 350
6109 338
6110 342
6111 330
6112 324
6113 312
6114 298
6115 302
6116 294
6117 278
6118 272
6119 276
6120 252
6121 238
6122 230
6123 234
6124 224
6125 198
6126 180
6127 166
6128 176
6129 170
6130 154
6131 142
6132 148
6133 146
6134 132
6135 136
6136 136
6137 140
6138 120
6139 118
6140 116
6141 116
6142 94
6143 76
6144 74
6145 76
6146 78
6147 62
6148 60
6149 58
6150 58
6151 48
6152 48
6153 46
6154 34
6155 24
6156 18
6157 18
6158 12
6159 4
6160 0
6161 0
6162 0
6163 0
6164 0
6165 0
6166 0
6167 0
6168 0
6169 0
6170 0
6171 0
6172 0
6173 0
6174 0
6175 0
6176 0
6177 0
6178 0
6179 0
6180 0
6181 0
6182 0
6183 0
6184 0
6185 0
6186 0
6187 0
6188 0
6189 0
6190 0
6191 0
6192 0
6193 0
6194 0
6195 0
6196 0
6197 0
6198 0
6199 0
6200 0
6201 0
6202 0
6203 0
6204 0
6205 0
6206 0
6207 0
6208 0
6209 0
6210 0
6211 0
6212 0
6213 0
6214 0
6215 0
6216 0
6217 0
6218 0
6219 0
6220 0
6221 0
6222 0
6223 0
6224 0
6225 0
6226 0
6227 0
6228 0
6229 0
6230 0
6231 0
6232 0
6233 0
6234 0
6235 0
6236 0
6237 0
6238 0
6239 0
6240 0
6241 0
6242 0
6243 0
6244 0
6245 0
6246 0
6247 0
6248 0
6249 0
6250 0
6251 0
6252 0
6253 0
6254 0
6255 0
6256 0
6257 0
6258 0
6259 0
6260 0
6261 0
6262 0
6263 0
6264 0
6265 0
6266 0
6267 0
6268 0
6269 0
6270 0
6271 0
6272 0
6273 0
6274 0
6275 0
6276 0
6277 0
6278 0
6279 0
6280 0
6281 0
6282 0
6283 0
6284 0
6285 0
6286 0
6287 0
6288 0
6289 0
6290 0
6291 0
6292 0
6293 0
6294 0
6295 0
6296 0
6297 0
6298 0
6299 0
6300 0
6301 0
6302 0
6303 0
6304 0
6305 0
6306 0
6307 0
6308 0
6309 0
6310 0
6311 0
6312 0
6313 0
6314 0
6315 0
6316 0
6317 0
6318 0
6319 0
6320 0
6321 0
6322 0
6323 0
6324 0
6325 0
6326 0
6327 0
6328 0
6329 0
6330 0
6331 0
6332 0
6333 0
6334 0
6335 0
6336 0
6337 0
6338 0
6339 0
6340 0
6341 0
6342 0
6343 0
6344 0
6345 0
6346 0
6347 0
6348 0
6349 0
6350 0
6351 0
6352 0
6353 0
6354 0
6355 0
6356 0
6357 0
6358 0
6359 0
6360 0
6361 0
6362 0
6363 0
6364 0
6365 0
6366 0
6367 0
6368 0
6369 0
6370 0
6371 0
6372 0
6373 0
6374 0
6375 0
6376 0
6377 0
6378 0
6379 0
6380 0
6381 0
6382 0
6383 0
6384 0
6385 0
6386 0
6387 0
6388 0
6389 0
6390 0
6391 0
6392 0
6393 0
6394 0
6395 0
6396 0
6397 0
6398 0
6399 0
6400 0
6401 0
6402 0
6403 0
6404 0
6405 0
6406 0
6407 0
6408 0
6409 0
6410 0
6411 0
6412 0
6413 0
6414 0
6415 0
6416 0
6417 0
6418 0
6419 0
6420 0
6421 0
6422 0
6423 0
6424 0
6425 0
6426 0
6427 0
6428 0
6429 0
6430 0
6431 0
6432 0
6433 0
6434 0
6435 0
6436 0
6437 0
6438 0
6439 0
6440 0
6441 0
6442 0
6443 0
6444 0
6445 0
6446 0
6447 0
6448 0
6449 0
6450 0
6451 0
6452 0
6453 0
6454 0
6455 0
6456 0
6457 0
6458 0
6459 0
6460 0
6461 0
6462 0
6463 0
6464 0
6465 0
6466 0
6467 0
6468 0
6469 0
6470 0
6471 0
6472 0
6473 0
6474 0
6475 0
6476 0
6477 0
6478 0
6479 0
6480 0
6481 0
6482 0
6483 0
6484 0
6485 0
6486 0
6487 0
6488 0
6489 0
6490 0
6491 0
6492 0
6493 0
6494 0
6495 0
6496 0
6497 0
6498 0
6499 0
6500 0
6501 0
6502 0
6503 0
6504 0
6505 0
6506 0
6507 0
6508 0
6509 0
6510 0
6511 0
6512 0
6513 0
6514 0
6515 0
6516 0
6517 0
6518 0
6519 0
6520 0
6521 0
6522 0
6523 0
6524 0
6525 0
6526 0
6527 0
6528 0
6529 0
6530 0
6531 0
6532 0
6533 0
6534 0
6535 0
6536 0
6537 0
6538 0
6539 0
6540 0
6541 0
6542 0
6543 0
6544 0
6545 0
6546 0
6547 0
6548 0
6549 0
6550 0
6551 0
6552 0
6553 0
6554 0
6555 0
6556 0
6557 0
6558 0
6559 0
6560 0
6561 0
6562 0
6563 0
6564 0
6565 0
6566 0
6567 0
6568 0
6569 0
6570 0
6571 0
6572 0
6573 0
6574 0
6575 0
6576 0
6577 0
6578 0
6579 0
6580 0
6581 0
6582 0
6583 0
6584 0
6585 0
6586 0
6587 0
6588 0
6589 0
6590 0
6591 0
6592 0
6593 0
6594 0
6595 0
6596 0
6597 0
6598 0
6599 0
6600 0
6601 0
6602 0
6603 0
6604 0
6605 0
6606 0
6607 0
6608 0
6609 0
6610 0
6611 0
6612 0
6613 0
6614 0
6615 0
6616 0
6617 0
6618 0
6619 0
6620 0
6621 0
6622 0
6623 0
6624 0
6625 0
6626 0
6627 0
6628 0
6629 0
6630 0
6631 0
6632 0
6633 0
6634 0
6635 0
6636 0
6637 0
6638 0
6639 0
6640 0
6641 0
6642 0
6643 0
6644 0
6645 0
6646 0
6647 0
6648 0
6649 0
6650 0
6651 0
6652 0
6653 0
6654 0
6655 0
6656 0
6657 0
6658 0
6659 0
6660 0
6661 0
6662 0
6663 0
6664 0
6665 0
6666 0
6667 0
6668 0
6669 0
6670 0
6671 0
6672 0
6673 0
6674 0
6675 0
6676 0
6677 0
6678 0
6679 0
6680 0
6681 0
6682 0
6683 0
6684 0
6685 0
6686 0
6687 0
6688 0
6689 0
6690 0
6691 0
6692 0
6693 0
6694 0
6695 0
6696 0
6697 0
6698 0
6699 0
6700 0
6701 0
6702 0
6703 0
6704 0
6705 0
6706 0
6707 0
6708 0
6709 0
6710 0
6711 0
6712 0
6713 0
6714 0
6715 0
6716 0
6717 0
6718 0
6719 0
6720 0
6721 0
6722 0
6723 0
6724 0
6725 0
6726 0
6727 0
6728 0
6729 0
6730 0
6731 0
6732 0
6733 0
6734 0
6735 0
6736 0
6737 0
6738 0
6739 0
6740 0
6741 0
6742 0
6743 0
6744 0
6745 0
6746 0
6747 0
6748 0
6749 0
6750 0
6751 0
6752 0
6753 0
6754 0
6755 0
6756 0
6757 0
6758 0
6759 0
6760 0
6761 0
6762 0
6763 0
6764 0
6765 0
6766 0
6767 0
6768 0
6769 0
6770 0
6771 0
6772 0
6773 0
6774 0
6775 0
6776 0
6777 0
6778 0
6779 0
6780 0
6781 0
6782 0
6783 0
6784 0
6785 0
6786 0
6787 0
6788 0
6789 0
6790 0
6791 0
6792 0
6793 0
6794 0
6795 0
6796 0
6797 0
6798 0
6799 0
6800 0
6801 0
6802 0
6803 0
6804 0
6805 0
6806 0
6807 0
6808 0
6809 0
6810 0
6811 0
6812 0
6813 0
6814 0
6815 0
6816 0
6817 0
6818 0
6819 0
6820 0
6821 0
6822 0
6823 0
6824 0
6825 0
6826 0
6827 0
6828 0
6829 0
6830 0
6831 0
6832 0
6833 0
6834 0
6835 0
6836 0
6837 0
6838 0
6839 0
6840 0
6841 0
6842 0
6843 0
6844 0
6845 0
6846 0
6847 0
6848 0
6849 0
6850 0
6851 0
6852 0
6853 0
6854 0
6855 0
6856 0
6857 0
6858 0
6859 0
6860 0
6861 0
6862 0
6863 0
6864 0
6865 0
6866 0
6867 0
6868 0
6869 0
6870 0
6871 0
6872 0
6873 0
6874 0
6875 0
6876 0
6877 0
6878 0
6879 0
6880 0
6881 0
6882 0
6883 0
6884 0
6885 0
6886 0
6887 0
6888 0
6889 0
6890 0
6891 0
6892 0
6893 0
6894 0
6895 0
6896 0
6897 0
6898 0
6899 0
6900 0
6901 0
6902 0
6903 0
6904 0
6905 0
6906 0
6907 0
6908 0
6909 0
6910 0
6911 0
6912 0
6913 0
6914 0
6915 0
6916 0
6917 0
6918 0
6919 0
6920 0
6921 0
6922 0
6923 0
6924 0
6925 0
6926 0
6927 0
6928 0
6929 0
6930 0
6931 0
6932 0
6933 0
6934 0
6935 0
6936 0
6937 0
6938 0
6939 0
6940 0
6941 0
6942 0
6943 0
6944 0
6945 0
6946 0
6947 0
6948 0
6949 0
6950 0
6951 0
6952 0
6953 0
6954 0
6955 0
6956 0
6957 0
6958 0
6959 0
6960 0
6961 0
6962 0
6963 0
6964 0
6965 0
6966 0
6967 0
6968 0
6969 0
6970 0
6971 0
6972 0
6973 0
6974 0
6975 0
6976 0
6977 0
6978 0
6979 0
6980 0
6981 0
6982 0
6983 0
6984 0
6985 0
6986 0
6987 0
6988 0
6989 0
6990 0
6991 0
6992 0
6993 0
6994 0
6995 0
6996 0
6997 0
6998 0
6999 0
7000 0
7001 0
7002 0
7003 0
7004 0
7005 0
7006 0
7007 0
7008 0
7009 0
7010 0
7011 0
7012 0
7013 0
7014 0
7015 0
7016 0
7017 0
7018 0
7019 0
7020 0
7021 0
7022 0
7023 0
7024 0
7025 0
7026 0
7027 0
7028 0
7029 0
7030 0
7031 0
7032 0
7033 0
7034 0
7035 0
7036 0
7037 0
7038 0
7039 0
7040 0
7041 0
7042 0
7043 0
7044 0
7045 0
7046 0
7047 0
7048 0
7049 0
7050 0
7051 0
7052 0
7053 0
7054 0
7055 0
7056 0
7057 0
7058 0
7059 0
7060 0
7061 0
7062 0
7063 0
7064 0
7065 0
7066 0
7067 0
7068 0
7069 0
7070 0
7071 0
7072 0
7073 0
7074 0
7075 0
7076 0
7077 0
7078 0
7079 0
7080 0
7081 0
7082 0
7083 0
7084 0
7085 0
7086 0
7087 0
7088 0
7089 0
7090 0
7091 0
7092 0
7093 0
7094 0
7095 0
7096 0
7097 0
7098 0
7099 0
7100 0
7101 0
7102 0
7103 0
7104 0
7105 0
7106 0
7107 0
7108 0
7109 0
7110 0
7111 0
7112 0
7113 0
7114 0
7115 0
7116 0
7117 0
7118 0
7119 0
7120 0
7121 0
7122 0
7123 0
7124 0
7125 0
7126 0
7127 0
7128 0
7129 0
7130 0
7131 0
7132 0
7133 0
7134 0
7135 0
7136 0
7137 0
7138 0
7139 0
7140 0
7141 0
7142 0
7143 0
7144 0
7145 0
7146 0
7147 0
7148 0
7149 0
7150 0
7151 0
7152 0
7153 0
7154 0
7155 0
7156 0
7157 0
7158 0
7159 0
7160 0
7161 0
7162 0
7163 0
7164 0
7165 0
7166 0
7167 0
7168 0
7169 0
7170 0
7171 0
7172 0
7173 0
7174 0
7175 0
7176 0
7177 0
7178 0
7179 0
7180 0
7181 0
7182 0
7183 0
7184 0
7185 0
7186 0
7187 0
7188 0
7189 0
7190 0
7191 0
7192 0
7193 0
7194 0
7195 0
7196 0
7197 0
7198 0
7199 0
7200 0
7201 0
7202 0
7203 0
7204 0
7205 0
7206 0
7207 0
7208 0
7209 0
7210 0
7211 0
7212 0
7213 0
7214 0
7215 0
7216 0
7217 0
7218 0
7219 0
7220 0
7221 0
7222 0
7223 0
7224 0
7225 0
7226 0
7227 0
7228 0
7229 0
7230 0
7231 0
7232 0
7233 0
7234 0
7235 0
7236 0
7237 0
7238 0
7239 0
7240 0
7241 0
7242 0
7243 0
7244 0
7245 0
7246 0
7247 0
7248 0
7249 0
7250 0
7251 0
7252 0
7253 0
7254 0
7255 0
7256 0
7257 0
7258 0
7259 0
7260 0
7261 0
7262 0
7263 0
7264 0
7265 0
7266 0
7267 0
7268 0
7269 0
7270 0
7271 0
7272 0
7273 0
7274 0
7275 0
7276 0
7277 0
7278 0
7279 0
7280 0
7281 0
7282 0
7283 0
7284 0
7285 0
7286 0
7287 0
7288 0
7289 0
7290 0
7291 0
7292 0
7293 0
7294 0
7295 0
7296 0
7297 0
7298 0
7299 0
7300 0
7301 0
7302 0
7303 0
7304 0
7305 0
7306 0
7307 0
7308 0
7309 0
7310 0
7311 0
7312 0
7313 0
7314 0
7315 0
7316 0
7317 0
7318 0
7319 0
7320 0
7321 0
7322 0
7323 0
7324 0
7325 0
7326 0
7327 0
7328 0
7329 0
7330 0
7331 0
7332 0
7333 0
7334 0
7335 0
7336 0
7337 0
7338 0
7339 0
7340 0
7341 0
7342 0
7343 0
7344 0
7345 0
7346 0
7347 0
7348 0
7349 0
7350 0
7351 0
7352 0
7353 0
7354 0
7355 0
7356 0
7357 0
7358 0
7359 0
7360 0
7361 0
7362 0
7363 0
7364 0
7365 0
7366 0
7367 0
7368 0
7369 0
7370 0
7371 0
7372 0
7373 0
7374 0
7375 0
7376 0
7377 0
7378 0
7379 0
7380 0
7381 0
7382 0
7383 0
7384 0
7385 0
7386 0
7387 0
7388 0
7389 0
7390 0
7391 0
7392 0
7393 0
7394 0
7395 0
7396 0
7397 0
7398 0
7399 0
7400 0
7401 0
7402 0
7403 0
7404 0
7405 0
7406 0
7407 0
7408 0
7409 0
7410 0
7411 0
7412 0
7413 0
7414 0
7415 0
7416 0
7417 0
7418 0
7419 0
7420 0
7421 0
7422 0
7423 0
7424 0
7425 0
7426 0
7427 0
7428 0
7429 0
7430 0
7431 0
7432 0
7433 0
7434 0
7435 0
7436 0
7437 0
7438 0
7439 0
7440 0
7441 0
7442 0
7443 0
7444 0
7445 0
7446 0
7447 0
7448 0
7449 0
7450 0
7451 0
7452 0
7453 0
7454 0
7455 0
7456 0
7457 0
7458 0
7459 0
7460 0
7461 0
7462 0
7463 0
7464 0
7465 0
7466 0
7467 0
7468 0
7469 0
7470 0
7471 0
7472 0
7473 0
7474 0
7475 0
7476 0
7477 0
7478 0
7479 0
7480 0
7481 0
7482 0
7483 0
7484 0
7485 0
7486 0
7487 0
7488 0
7489 0
7490 0
7491 0
7492 0
7493 0
7494 0
7495 0
7496 0
7497 0
7498 0
7499 0
7500 0
7501 0
7502 0
7503 0
7504 0
7505 0
7506 0
7507 0
7508 0
7509 0
7510 0
7511 0
7512 0
7513 0
7514 0
7515 0
7516 0
7517 0
7518 0
7519 0
7520 0
7521 0
7522 0
7523 0
7524 0
7525 0
7526 0
7527 0
7528 0
7529 0
7530 0
7531 0
7532 0
7533 0
7534 0
7535 0
7536 0
7537 0
7538 0
7539 0
7540 0
7541 0
7542 0
7543 0
7544 0
7545 0
7546 0
7547 0
7548 0
7549 0
7550 0
7551 0
7552 0
7553 0
7554 0
7555 0
7556 0
7557 0
7558 0
7559 0
7560 0
7561 0
7562 0
7563 0
7564 0
7565 0
7566 0
7567 0
7568 0
7569 0
7570 0
7571 0
7572 0
7573 0
7574 0
7575 0
7576 0
7577 0
7578 0
7579 0
7580 0
7581 0
7582 0
7583 0
7584 0
7585 0
7586 0
7587 0
7588 0
7589 0
7590 0
7591 0
7592 0
7593 0
7594 0
7595 0
7596 0
7597 0
7598 0
7599 0
7600 0
7601 0
7602 0
7603 0
7604 0
7605 0
7606 0
7607 0
7608 0
7609 0
7610 0
7611 0
7612 0
7613 0
7614 0
7615 0
7616 0
7617 0
7618 0
7619 0
7620 0
7621 0
7622 0
7623 0
7624 0
7625 0
7626 0
7627 0
7628 0
7629 0
7630 0
7631 0
7632 0
7633 0
7634 0
7635 0
7636 0
7637 0
7638 0
7639 0
7640 0
7641 0
7642 0
7643 0
7644 0
7645 0
7646 0
7647 0
7648 0
7649 0
7650 0
7651 0
7652 0
7653 0
7654 0
7655 0
7656 0
7657 0
7658 0
7659 0
7660 0
7661 0
7662 0
7663 0
7664 0
7665 0
7666 0
7667 0
7668 0
7669 0
7670 0
7671 0
7672 0
7673 0
7674 0
7675 0
7676 0
7677 0
7678 0
7679 0
7680 0
7681 0
7682 0
7683 0
7684 0
7685 0
7686 0
7687 0
7688 0
7689 0
7690 0
7691 0
7692 0
7693 0
7694 0
7695 0
7696 0
7697 0
7698 0
7699 0
7700 0
7701 0
7702 0
7703 0
7704 0
7705 0
7706 0
7707 0
7708 0
7709 0
7710 0
7711 0
7712 0
7713 0
7714 0
7715 0
7716 0
7717 0
7718 0
7719 0
7720 0
7721 0
7722 0
7723 0
7724 0
7725 0
7726 0
7727 0
7728 0
7729 0
7730 0
7731 0
7732 0
7733 0
7734 0
7735 0
7736 0
7737 0
7738 0
7739 0
7740 0
7741 0
7742 0
7743 0
7744 0
7745 0
7746 0
7747 0
7748 0
7749 0
7750 0
7751 0
7752 0
7753 0
7754 0
7755 0
7756 0
7757 0
7758 0
7759 0
7760 0
7761 0
7762 0
7763 0
7764 0
7765 0
7766 0
7767 0
7768 0
7769 0
7770 0
7771 0
7772 0
7773 0
7774 0
7775 0
7776 0
7777 0
7778 0
7779 0
7780 0
7781 0
7782 0
7783 0
7784 0
7785 0
7786 0
7787 0
7788 0
7789 0
7790 0
7791 0
7792 0
7793 0
7794 0
7795 0
7796 0
7797 0
7798 0
7799 0
7800 0
7801 0
7802 0
7803 0
7804 0
7805 0
7806 0
7807 0
7808 0
7809 0
7810 0
7811 0
7812 0
7813 0
7814 0
7815 0
7816 0
7817 0
7818 0
7819 0
7820 0
7821 0
7822 0
7823 0
7824 0
7825 0
7826 0
7827 0
7828 0
7829 0
7830 0
7831 0
7832 0
7833 0
7834 0
7835 0
7836 0
7837 0
7838 0
7839 0
7840 0
7841 0
7842 0
7843 0
7844 0
7845 0
7846 0
7847 0
7848 0
7849 0
7850 0
7851 0
7852 0
7853 0
7854 0
7855 0
7856 0
7857 0
7858 0
7859 0
7860 0
7861 0
7862 0
7863 0
7864 0
7865 0
7866 0
7867 0
7868 0
7869 0
7870 0
7871 0
7872 0
7873 0
7874 0
7875 0
7876 0
7877 0
7878 0
7879 0
7880 0
7881 0
7882 0
7883 0
7884 0
7885 0
7886 0
7887 0
7888 0
7889 0
7890 0
7891 0
7892 0
7893 0
7894 0
7895 0
7896 0
7897 0
7898 0
7899 0
7900 0
7901 0
7902 0
7903 0
7904 0
7905 0
7906 0
7907 0
7908 0
7909 0
7910 0
7911 0
7912 0
7913 0
7914 0
7915 0
7916 0
7917 0
7918 0
7919 0
7920 0
7921 0
7922 0
7923 0
7924 0
7925 0
7926 0
7927 0
7928 0
7929 0
7930 0
7931 0
7932 0
7933 0
7934 0
7935 0
7936 0
7937 0
7938 0
7939 0
7940 0
7941 0
7942 0
7943 0
7944 0
7945 0
7946 0
7947 0
7948 0
7949 0
7950 0
7951 0
7952 0
7953 0
7954 0
7955 0
7956 0
7957 0
7958 0
7959 0
7960 0
7961 0
7962 0
7963 0
7964 0
7965 0
7966 0
7967 0
7968 0
7969 0
7970 0
7971 0
7972 0
7973 0
7974 0
7975 0
7976 0
7977 0
7978 0
7979 0
7980 0
7981 0
7982 0
7983 0
7984 0
7985 0
7986 0
7987 0
7988 0
7989 0
7990 0
7991 0
7992 0
7993 0
7994 0
7995 0
7996 0
7997 0
7998 0
7999 0
8000 0
8001 0
8002 0
8003 0
8004 0
8005 0
8006 0
8007 0
8008 0
8009 0
8010 0
8011 0
8012 0
8013 0
8014 0
8015 0
8016 0
8017 0
8018 0
8019 0
8020 0
8021 0
8022 0
8023 0
8024 0
8025 0
8026 0
8027 0
8028 0
8029 0
8030 0
8031 0
8032 0
8033 0
8034 0
8035 0
8036 0
8037 0
8038 0
8039 0
8040 0
8041 0
8042 0
8043 0
8044 0
8045 0
8046 0
8047 0
8048 0
8049 0
8050 0
8051 0
8052 0
8053 0
8054 0
8055 0
8056 0
8057 0
8058 0
8059 0
8060 0
8061 0
8062 0
8063 0
8064 0
8065 0
8066 0
8067 0
8068 0
8069 0
8070 0
8071 0
8072 0
8073 0
8074 0
8075 0
8076 0
8077 0
8078 0
8079 0
8080 0
8081 0
8082 0
8083 0
8084 0
8085 0
8086 0
8087 0
8088 0
8089 0
8090 0
8091 0
8092 0
8093 0
8094 0
8095 0
8096 0
8097 0
8098 0
8099 0
8100 0
8101 0
8102 0
8103 0
8104 0
8105 0
8106 0
8107 0
8108 0
8109 0
8110 0
8111 0
8112 0
8113 0
8114 0
8115 0
8116 0
8117 0
8118 0
8119 0
8120 0
8121 0
8122 0
8123 0
8124 0
8125 0
8126 0
8127 0
8128 0
8129 0
8130 0
8131 0
8132 0
8133 0
8134 0
8135 0
8136 0
8137 0
8138 0
8139 0
8140 0
8141 0
8142 0
8143 0
8144 0
8145 0
8146 0
8147 0
8148 0
8149 0
8150 0
8151 0
8152 0
8153 0
8154 0
8155 0
8156 0
8157 0
8158 0
8159 0
8160 0
8161 0
8162 0
8163 0
8164 0
8165 0
8166 0
8167 0
8168 0
8169 0
8170 0
8171 0
8172 0
8173 0
8174 0
8175 0
8176 0
8177 0
8178 0
8179 0
8180 0
8181 0
8182 0
8183 0
8184 0
8185 0
8186 0
8187 0
8188 0
8189 0
8190 0
8191 0
8192 0
8193 0
8194 0
8195 0
8196 0
8197 0
8198 0
8199 0
8200 0
8201 0
8202 0
8203 0
8204 0
8205 0
8206 0
8207 0
8208 0
8209 0
8210 0
8211 0
8212 0
8213 0
8214 0
8215 0
8216 0
8217 0
8218 0
8219 0
8220 0
8221 0
8222 0
8223 0
8224 0
8225 0
8226 0
8227 0
8228 0
8229 0
8230 0
8231 0
8232 0
8233 0
8234 0
8235 0
8236 0
8237 0
8238 0
8239 0
8240 0
8241 0
8242 0
8243 0
8244 0
8245 0
8246 0
8247 0
8248 0
8249 0
8250 0
8251 0
8252 0
8253 0
8254 0
8255 0
8256 0
8257 0
8258 0
8259 0
8260 0
8261 0
8262 0
8263 0
8264 0
8265 0
8266 0
8267 0
8268 0
8269 0
8270 0
8271 0
8272 0
8273 0
8274 0
8275 0
8276 0
8277 0
8278 0
8279 0
8280 0
8281 0
8282 0
8283 0
8284 0
8285 0
8286 0
8287 0
8288 0
8289 0
8290 0
8291 0
8292 0
8293 0
8294 0
8295 0
8296 0
8297 0
8298 0
8299 0
8300 0
8301 0
8302 0
8303 0
8304 0
8305 0
8306 0
8307 0
8308 0
8309 0
8310 0
8311 0
8312 0
8313 0
8314 0
8315 0
8316 0
8317 0
8318 0
8319 0
8320 0
8321 0
8322 0
8323 0
8324 0
8325 0
8326 0
8327 0
8328 0
8329 0
8330 0
8331 0
8332 0
8333 0
8334 0
8335 0
8336 0
8337 0
8338 0
8339 0
8340 0
8341 0
8342 0
8343 0
8344 0
8345 0
8346 0
8347 0
8348 0
8349 0
8350 0
8351 0
8352 0
8353 0
8354 0
8355 0
8356 0
8357 0
8358 0
8359 0
8360 0
8361 0
8362 0
8363 0
8364 0
8365 0
8366 0
8367 0
8368 0
8369 0
8370 0
8371 0
8372 0
8373 0
8374 0
8375 0
8376 0
8377 0
8378 0
8379 0
8380 0
8381 0
8382 0
8383 0
8384 0
8385 0
8386 0
8387 0
8388 0
8389 0
8390 0
8391 0
8392 0
8393 0
8394 0
8395 0
8396 0
8397 0
8398 0
8399 0
8400 0
8401 0
8402 0
8403 0
8404 0
8405 0
8406 0
8407 0
8408 0
8409 0
8410 0
8411 0
8412 0
8413 0
8414 0
8415 0
8416 0
8417 0
8418 0
8419 0
8420 0
8421 0
8422 0
8423 0
8424 0
8425 0
8426 0
8427 0
8428 0
8429 0
8430 0
8431 0
8432 0
8433 0
8434 0
8435 0
8436 0
8437 0
8438 0
8439 0
8440 0
8441 0
8442 0
8443 0
8444 0
8445 0
8446 0
8447 0
8448 0
8449 0
8450 0
8451 0
8452 0
8453 0
8454 0
8455 0
8456 0
8457 0
8458 0
8459 0
8460 0
8461 0
8462 0
8463 0
8464 0
8465 0
8466 0
8467 0
8468 0
8469 0
8470 0
8471 0
8472 0
8473 0
8474 0
8475 0
8476 0
8477 0
8478 0
8479 0
8480 0
8481 0
8482 0
8483 0
8484 0
8485 0
8486 0
8487 0
8488 0
8489 0
8490 0
8491 0
8492 0
8493 0
8494 0
8495 0
8496 0
8497 0
8498 0
8499 0
8500 0
8501 0
8502 0
8503 0
8504 0
8505 0
8506 0
8507 0
8508 0
8509 0
8510 0
8511 0
8512 0
8513 0
8514 0
8515 0
8516 0
8517 0
8518 0
8519 0
8520 0
8521 0
8522 0
8523 0
8524 0
8525 0
8526 0
8527 0
8528 0
8529 0
8530 0
8531 0
8532 0
8533 0
8534 0
8535 0
8536 0
8537 0
8538 0
8539 0
8540 0
8541 0
8542 0
8543 0
8544 0
8545 0
8546 0
8547 0
8548 0
8549 0
8550 0
8551 0
8552 0
8553 0
8554 0
8555 0
8556 0
8557 0
8558 0
8559 0
8560 0
8561 0
8562 0
8563 0
8564 0
8565 0
8566 0
8567 0
8568 0
8569 0
8570 0
8571 0
8572 0
8573 0
8574 0
8575 0
8576 0
8577 0
8578 0
8579 0
8580 0
8581 0
8582 0
8583 0
8584 0
8585 0
8586 0
8587 0
8588 0
8589 0
8590 0
8591 0
8592 0
8593 0
8594 0
8595 0
8596 0
8597 0
8598 0
8599 0
8600 0
8601 0
8602 0
8603 0
8604 0
8605 0
8606 0
8607 0
8608 0
8609 0
8610 0
8611 0
8612 0
8613 0
8614 0
8615 0
8616 0
8617 0
8618 0
8619 0
8620 0
8621 0
8622 0
8623 0
8624 0
8625 0
8626 0
8627 0
8628 0
8629 0
8630 0
8631 0
8632 0
8633 0
8634 0
8635 0
8636 0
8637 0
8638 0
8639 0
8640 0
8641 0
8642 0
8643 0
8644 0
8645 0
8646 0
8647 0
8648 0
8649 0
8650 0
8651 0
8652 0
8653 0
8654 0
8655 0
8656 0
8657 0
8658 0
8659 0
8660 0
8661 0
8662 0
8663 0
8664 0
8665 0
8666 0
8667 0
8668 0
8669 0
8670 0
8671 0
8672 0
8673 0
8674 0
8675 0
8676 0
8677 0
8678 0
8679 0
8680 0
8681 0
8682 0
8683 0
8684 0
8685 0
8686 0
8687 0
8688 0
8689 0
8690 0
8691 0
8692 0
8693 0
8694 0
8695 0
8696 0
8697 0
8698 0
8699 0
8700 0
8701 0
8702 0
8703 0
8704 0
8705 0
8706 0
8707 0
8708 0
8709 0
8710 0
8711 0
8712 0
8713 0
8714 0
8715 0
8716 0
8717 0
8718 0
8719 0
8720 0
8721 0
8722 0
8723 0
8724 0
8725 0
8726 0
8727 0
8728 0
8729 0
8730 0
8731 0
8732 0
8733 0
8734 0
8735 0
8736 0
8737 0
8738 0
8739 0
8740 0
8741 0
8742 0
8743 0
8744 0
8745 0
8746 0
8747 0
8748 0
8749 0
8750 0
8751 0
8752 0
8753 0
8754 0
8755 0
8756 0
8757 0
8758 0
8759 0
8760 0
8761 0
8762 0
8763 0
8764 0
8765 0
8766 0
8767 0
8768 0
8769 0
8770 0
8771 0
8772 0
8773 0
8774 0
8775 0
8776 0
8777 0
8778 0
8779 0
8780 0
8781 0
8782 0
8783 0
8784 0
8785 0
8786 0
8787 0
8788 0
8789 0
8790 0
8791 0
8792 0
8793 0
8794 0
8795 0
8796 0
8797 0
8798 0
8799 0
8800 0
8801 0
8802 0
8803 0
8804 0
8805 0
8806 0
8807 0
8808 0
8809 0
8810 0
8811 0
8812 0
8813 0
8814 0
8815 0
8816 0
8817 0
8818 0
8819 0
8820 0
8821 0
8822 0
8823 0
8824 0
8825 0
8826 0
8827 0
8828 0
8829 0
8830 0
8831 0
8832 0
8833 0
8834 0
8835 0
8836 0
8837 0
8838 0
8839 0
8840 0
8841 0
8842 0
8843 0
8844 0
8845 0
8846 0
8847 0
8848 0
8849 0
8850 0
8851 0
8852 0
8853 0
8854 0
8855 0
8856 0
8857 0
8858 0
8859 0
8860 0
8861 0
8862 0
8863 0
8864 0
8865 0
8866 0
8867 0
8868 0
8869 0
8870 0
8871 0
8872 0
8873 0
8874 0
8875 0
8876 0
8877 0
8878 0
8879 0
8880 0
8881 0
8882 0
8883 0
8884 0
8885 0
8886 0
8887 0
8888 0
8889 0
8890 0
8891 0
8892 0
8893 0
8894 0
8895 0
8896 0
8897 0
8898 0
8899 0
8900 0
8901 0
8902 0
8903 0
8904 0
8905 0
8906 0
8907 0
8908 0
8909 0
8910 0
8911 0
8912 0
8913 0
8914 0
8915 0
8916 0
8917 0
8918 0
8919 0
8920 0
8921 0
8922 0
8923 0
8924 0
8925 0
8926 0
8927 0
8928 0
8929 0
8930 0
8931 0
8932 0
8933 0
8934 0
8935 0
8936 0
8937 0
8938 0
8939 0
8940 0
8941 0
8942 0
8943 0
8944 0
8945 0
8946 0
8947 0
8948 0
8949 0
8950 0
8951 0
8952 0
8953 0
8954 0
8955 0
8956 0
8957 0
8958 0
8959 0
8960 0
8961 0
8962 0
8963 0
8964 0
8965 0
8966 0
8967 0
8968 0
8969 0
8970 0
8971 0
8972 0
8973 0
8974 0
8975 0
8976 0
8977 0
8978 0
8979 0
8980 0
8981 0
8982 0
8983 0
8984 0
8985 0
8986 0
8987 0
8988 0
8989 0
8990 0
8991 0
8992 0
8993 0
8994 0
8995 0
8996 0
8997 0
8998 0
8999 0
9000 0
9001 0
9002 0
9003 0
9004 0
9005 0
9006 0
9007 0
9008 0
9009 0
9010 0
9011 0
9012 0
9013 0
9014 0
9015 0
9016 0
9017 0
9018 0
9019 0
9020 0
9021 0
9022 0
9023 0
9024 0
9025 0
9026 0
9027 0
9028 0
9029 0
9030 0
9031 0
9032 0
9033 0
9034 0
9035 0
9036 0
9037 0
9038 0
9039 0
9040 0
9041 0
9042 0
9043 0
9044 0
9045 0
9046 0
9047 0
9048 0
9049 0
9050 0
9051 0
9052 0
9053 0
9054 0
9055 0
9056 0
9057 0
9058 0
9059 0
9060 0
9061 0
9062 0
9063 0
9064 0
9065 0
9066 0
9067 0
9068 0
9069 0
9070 0
9071 0
9072 0
9073 0
9074 0
9075 0
9076 0
9077 0
9078 0
9079 0
9080 0
9081 0
9082 0
9083 0
9084 0
9085 0
9086 0
9087 0
9088 0
9089 0
9090 0
9091 0
9092 0
9093 0
9094 0
9095 0
9096 0
9097 0
9098 0
9099 0
9100 0
9101 0
9102 0
9103 0
9104 0
9105 0
9106 0
9107 0
9108 0
9109 0
9110 0
9111 0
9112 0
9113 0
9114 0
9115 0
9116 0
9117 0
9118 0
9119 0
9120 0
9121 0
9122 0
9123 0
9124 0
9125 0
9126 0
9127 0
9128 0
9129 0
9130 0
9131 0
9132 0
9133 0
9134 0
9135 0
9136 0
9137 0
9138 0
9139 0
9140 0
9141 0
9142 0
9143 0
9144 0
9145 0
9146 0
9147 0
9148 0
9149 0
9150 0
9151 0
9152 0
9153 0
9154 0
9155 0
9156 0
9157 0
9158 0
9159 0
9160 0
9161 0
9162 0
9163 0
9164 0
9165 0
9166 0
9167 0
9168 0
9169 0
9170 0
9171 0
9172 0
9173 0
9174 0
9175 0
9176 0
9177 0
9178 0
9179 0
9180 0
9181 0
9182 0
9183 0
9184 0
9185 0
9186 0
9187 0
9188 0
9189 0
9190 0
9191 0
9192 0
9193 0
9194 0
9195 0
9196 0
9197 0
9198 0
9199 0
9200 0
9201 0
9202 0
9203 0
9204 0
9205 0
9206 0
9207 0
9208 0
9209 0
9210 0
9211 0
9212 0
9213 0
9214 0
9215 0
