0 1228800
1 2454400
2 12312454
3 19713878
4 19197532
5 18682786
6 18152106
7 17658968
8 17127322
9 16661170
10 16194734
11 15764388
12 15341982
13 14919534
14 14506478
15 14098214
16 13736578
17 13405394
18 13089822
19 12784172
20 12504668
21 12229986
22 11954408
23 11682132
24 11422394
25 11184856
26 10939462
27 10722136
28 10493096
29 10278696
30 10068908
31 9860804
32 9661018
33 9460120
34 9271138
35 9077856
36 8894558
37 8718538
38 8550736
39 8378444
40 8215620
41 8053522
42 7895868
43 7748528
44 7609634
45 7454620
46 7316650
47 7180532
48 7049844
49 6909236
50 6783364
51 6657054
52 6526272
53 6398892
54 6284496
55 6169546
56 6049022
57 5931876
58 5822470
59 5707980
60 5600854
61 5496778
62 5390022
63 5293910
64 5194846
65 5101828
66 5000078
67 4902950
68 4815930
69 4723436
70 4639352
71 4558614
72 4468958
73 4387670
74 4308942
75 4229188
76 4154628
77 4075044
78 3999704
79 3919632
80 3853094
81 3782378
82 3708554
83 3643578
84 3574658
85 3512370
86 3450930
87 3382504
88 3325082
89 3262326
90 3202588
91 3145890
92 3090612
93 3031800
94 2984564
95 2931088
96 2878844
97 2831884
98 2775876
99 2726614
100 2684976
101 2637300
102 2587184
103 2544928
104 2499730
105 2456220
106 2414932
107 2377868
108 2336836
109 2295338
110 2260202
111 2220608
112 2187802
113 2149362
114 2114888
115 2081764
116 2041766
117 2010916
118 1976886
119 1944062
120 1908824
121 1874812
122 1841182
123 1814576
124 1782120
125 1751660
126 1722044
127 1692800
128 1661864
129 1635412
130 1608926
131 1579656
132 1554858
133 1529174
134 1499482
135 1474102
136 1448278
137 1421912
138 1398918
139 1373202
140 1352206
141 1330596
142 1305760
143 1284530
144 1261234
145 1240466
146 1219666
147 1197784
148 1176714
149 1156860
150 1135328
151 1118180
152 1099328
153 1079162
154 1061236
155 1041396
156 1025048
157 1009146
158 989112
159 973984
160 956230
161 940882
162 925336
163 908652
164 893926
165 878126
166 863280
167 849586
168 834266
169 819944
170 803608
171 792522
172 779610
173 765008
174 751474
175 736878
176 726334
177 713624
178 703382
179 688104
180 676520
181 664090
182 652656
183 642026
184 629254
185 620432
186 609300
187 596350
188 585790
189 576700
190 566196
191 555170
192 545360
193 534908
194 525386
195 516934
196 507476
197 497888
198 489332
199 480574
200 470564
201 462762
202 454210
203 446274
204 438564
205 430430
206 422358
207 415650
208 408378
209 399264
210 392228
211 385188
212 378350
213 371358
214 364242
215 356752
216 351598
217 343806
218 337608
219 331012
220 325602
221 319526
222 312812
223 307288
224 301732
225 296658
226 290712
227 284488
228 279864
229 275366
230 270004
231 264672
232 260024
233 255638
234 250496
235 246408
236 240964
237 237338
238 233000
239 228336
240 224294
241 219650
242 215252
243 211440
244 207390
245 203232
246 200032
247 195762
248 192132
249 189142
250 185260
251 181782
252 178480
253 175050
254 172046
255 168576
256 166120
257 162028
258 159122
259 155770
260 153026
261 150336
262 147204
263 143968
264 141928
265 139030
266 136152
267 133660
268 131102
269 128834
270 126360
271 123550
272 121310
273 119346
274 116628
275 114464
276 112068
277 110396
278 108332
279 105896
280 104340
281 101584
282 99952
283 97748
284 96246
285 94344
286 92748
287 91282
288 89924
289 87580
290 86182
291 85032
292 83342
293 82388
294 80902
295 79608
296 78262
297 76808
298 74936
299 73768
300 72404
301 71460
302 69924
303 67992
304 66796
305 65872
306 64390
307 62814
308 61952
309 60532
310 59472
311 58514
312 57392
313 56252
314 55200
315 54206
316 53194
317 52460
318 51316
319 50242
320 49044
321 48400
322 47396
323 46266
324 45406
325 44438
326 43550
327 42258
328 41774
329 40594
330 39878
331 38668
332 37698
333 36858
334 36354
335 35524
336 34942
337 34022
338 33524
339 32688
340 31986
341 31604
342 30860
343 30040
344 29442
345 28966
346 28298
347 27450
348 27072
349 26564
350 25990
351 25350
352 24748
353 24322
354 23838
355 23434
356 22824
357 22310
358 21798
359 21646
360 21084
361 20836
362 20150
363 19912
364 19682
365 18974
366 18556
367 18232
368 17994
369 17430
370 17028
371 16550
372 16370
373 15894
374 15544
375 15140
376 14764
377 14476
378 14012
379 13710
380 13350
381 12988
382 12724
383 12448
384 12142
385 11854
386 11740
387 11542
388 11174
389 11038
390 10754
391 10576
392 10216
393 9968
394 9796
395 9566
396 9398
397 9132
398 9070
399 8902
400 8646
401 8444
402 8280
403 8118
404 7964
405 7766
406 7646
407 7480
408 7278
409 7008
410 6858
411 6844
412 6542
413 6356
414 6282
415 6076
416 5936
417 5826
418 5584
419 5370
420 5280
421 5150
422 5010
423 4928
424 4778
425 4628
426 4480
427 4368
428 4242
429 4122
430 4020
431 3858
432 3746
433 3628
434 3560
435 3358
436 3358
437 3240
438 3136
439 2988
440 2924
441 2880
442 2820
443 2754
444 2626
445 2536
446 2456
447 2360
448 2264
449 2206
450 2126
451 2074
452 2024
453 1996
454 1922
455 1856
456 1826
457 1764
458 1722
459 1712
460 1648
461 1606
462 1640
463 1538
464 1528
465 1438
466 1418
467 1390
468 1348
469 1326
470 1250
471 1222
472 1202
473 1164
474 1150
475 1072
476 1058
477 1018
478 992
479 946
480 952
481 924
482 934
483 892
484 866
485 826
486 800
487 774
488 746
489 728
490 702
491 674
492 666
493 636
494 650
495 586
496 582
497 540
498 512
499 482
500 458
501 444
502 406
503 390
504 344
505 342
506 320
507 298
508 268
509 246
510 238
511 222
512 206
513 188
514 168
515 152
516 126
517 126
518 108
519 92
520 80
521 62
522 64
523 58
524 58
525 56
526 50
527 46
528 40
529 42
530 32
531 28
532 22
533 22
534 18
535 12
536 10
537 8
538 6
539 4
540 0
541 0
542 0
543 0
544 0
545 0
546 0
547 0
548 0
549 0
550 0
551 0
552 0
553 0
554 0
555 0
556 0
557 0
558 0
559 0
560 0
561 0
562 0
563 0
564 0
565 0
566 0
567 0
568 0
569 0
570 0
571 0
572 0
573 0
574 0
575 0
576 0
577 0
578 0
579 0
580 0
581 0
582 0
583 0
584 0
585 0
586 0
587 0
588 0
589 0
590 0
591 0
592 0
593 0
594 0
595 0
596 0
597 0
598 0
599 0
600 0
601 0
602 0
603 0
604 0
605 0
606 0
607 0
608 0
609 0
610 0
611 0
612 0
613 0
614 0
615 0
616 0
617 0
618 0
619 0
620 0
621 0
622 0
623 0
624 0
625 0
626 0
627 0
628 0
629 0
630 0
631 0
632 0
633 0
634 0
635 0
636 0
637 0
638 0
639 0
640 0
641 0
642 0
643 0
644 0
645 0
646 0
647 0
648 0
649 0
650 0
651 0
652 0
653 0
654 0
655 0
656 0
657 0
658 0
659 0
660 0
661 0
662 0
663 0
664 0
665 0
666 0
667 0
668 0
669 0
670 0
671 0
672 0
673 0
674 0
675 0
676 0
677 0
678 0
679 0
680 0
681 0
682 0
683 0
684 0
685 0
686 0
687 0
688 0
689 0
690 0
691 0
692 0
693 0
694 0
695 0
696 0
697 0
698 0
699 0
700 0
701 0
702 0
703 0
704 0
705 0
706 0
707 0
708 0
709 0
710 0
711 0
712 0
713 0
714 0
715 0
716 0
717 0
718 0
719 0
720 0
721 0
722 0
723 0
724 0
725 0
726 0
727 0
728 0
729 0
730 0
731 0
732 0
733 0
734 0
735 0
736 0
737 0
738 0
739 0
740 0
741 0
742 0
743 0
744 0
745 0
746 0
747 0
748 0
749 0
750 0
751 0
752 0
753 0
754 0
755 0
756 0
757 0
758 0
759 0
760 0
761 0
762 0
763 0
764 0
765 0
766 0
767 0
