0 1433600
1 2864000
2 14735094
3 23691362
4 23119598
5 22519010
6 21936062
7 21331184
8 20738674
9 20189870
10 19725704
11 19223654
12 18818178
13 18385170
14 17973256
15 17579752
16 17198476
17 16812044
18 16482858
19 16159420
20 15849030
21 15515002
22 15204354
23 14913562
24 14640620
25 14358808
26 14093460
27 13831410
28 13575680
29 13330870
30 13095564
31 12857104
32 12631206
33 12418456
34 12187404
35 11980950
36 11767824
37 11570266
38 11364976
39 11164798
40 10967948
41 10783258
42 10604612
43 10417274
44 10231152
45 10061934
46 9890424
47 9721770
48 9551258
49 9387076
50 9227070
51 9070514
52 8910744
53 8756688
54 8593122
55 8443668
56 8297644
57 8153970
58 8019552
59 7880324
60 7748814
61 7613070
62 7484058
63 7359566
64 7224644
65 7108004
66 6988052
67 6871798
68 6753138
69 6648414
70 6537266
71 6419652
72 6313384
73 6203454
74 6097230
75 5994114
76 5889510
77 5794588
78 5694670
79 5603554
80 5511446
81 5425962
82 5336318
83 5247740
84 5163558
85 5084610
86 5004264
87 4921860
88 4840518
89 4764936
90 4689380
91 4612080
92 4536660
93 4458326
94 4385318
95 4315556
96 4247448
97 4177998
98 4113344
99 4041728
100 3975598
101 3913734
102 3848014
103 3782384
104 3721840
105 3663098
106 3602162
107 3543116
108 3486622
109 3428098
110 3371828
111 3316414
112 3263906
113 3213836
114 3160876
115 3109734
116 3055052
117 3009462
118 2958078
119 2911206
120 2865190
121 2818960
122 2775390
123 2728634
124 2684786
125 2642696
126 2599842
127 2557726
128 2518598
129 2476370
130 2440558
131 2399044
132 2361710
133 2326432
134 2290622
135 2254652
136 2219684
137 2188944
138 2152344
139 2122304
140 2090234
141 2056344
142 2029794
143 1998780
144 1969306
145 1939162
146 1913514
147 1883954
148 1853796
149 1827456
150 1803068
151 1776038
152 1747766
153 1724782
154 1698396
155 1670874
156 1645792
157 1622328
158 1599182
159 1573660
160 1551212
161 1526120
162 1500978
163 1480832
164 1460324
165 1437300
166 1415424
167 1393264
168 1372902
169 1350504
170 1330374
171 1310506
172 1290692
173 1270844
174 1253758
175 1232648
176 1213844
177 1193106
178 1174570
179 1156752
180 1141348
181 1123114
182 1105794
183 1089486
184 1072770
185 1055354
186 1038790
187 1023830
188 1008084
189 991448
190 976446
191 962164
192 944094
193 929104
194 913504
195 899182
196 883120
197 868382
198 856720
199 843928
200 830670
201 817746
202 804160
203 792874
204 780532
205 769274
206 757394
207 746454
208 734802
209 722662
210 713070
211 701228
212 690976
213 680546
214 670814
215 657994
216 650050
217 640366
218 629090
219 618604
220 611844
221 602096
222 592116
223 583046
224 574792
225 563644
226 556274
227 547550
228 541080
229 531556
230 524408
231 515672
232 508576
233 498780
234 492244
235 484384
236 476162
237 470078
238 461740
239 454470
240 447520
241 441216
242 433922
243 426968
244 420772
245 413310
246 407024
247 401312
248 394086
249 388656
250 383084
251 377242
252 372222
253 366206
254 361040
255 354752
256 349900
257 342644
258 338736
259 334038
260 329004
261 323520
262 318142
263 313730
264 308596
265 303628
266 299522
267 294672
268 290810
269 285228
270 281054
271 276582
272 271680
273 268028
274 263346
275 258554
276 255264
277 251334
278 247880
279 243778
280 239286
281 235038
282 231098
283 228076
284 223224
285 220138
286 216144
287 212896
288 209852
289 206360
290 203318
291 199506
292 196042
293 192650
294 189280
295 187152
296 183022
297 180028
298 176522
299 173944
300 171358
301 168056
302 165712
303 162508
304 159922
305 158110
306 154160
307 152142
308 149436
309 146648
310 144486
311 142014
312 139800
313 137614
314 134604
315 132510
316 130134
317 128230
318 125232
319 122848
320 120940
321 119656
322 116958
323 115116
324 113228
325 111366
326 109448
327 107694
328 105672
329 103946
330 101876
331 100974
332 99098
333 97650
334 95860
335 94344
336 92474
337 90730
338 89478
339 88428
340 86986
341 85756
342 84106
343 83146
344 81368
345 80260
346 78824
347 77808
348 75690
349 74588
350 73148
351 72376
352 71014
353 70030
354 68594
355 67602
356 66478
357 65390
358 64576
359 62796
360 61960
361 60700
362 60038
363 58692
364 57862
365 56884
366 56068
367 54994
368 53878
369 53318
370 52426
371 51438
372 50572
373 49748
374 49120
375 48554
376 47670
377 46522
378 46090
379 45250
380 44304
381 43922
382 42862
383 42048
384 41312
385 40580
386 40150
387 39466
388 39212
389 37946
390 37704
391 36860
392 36302
393 35752
394 34892
395 34368
396 33660
397 33230
398 32432
399 31866
400 30834
401 30354
402 30012
403 29512
404 28842
405 28244
406 27568
407 27268
408 26934
409 26224
410 25654
411 25410
412 24818
413 24482
414 23940
415 23508
416 23086
417 22574
418 22248
419 21784
420 21172
421 20624
422 20300
423 19762
424 19494
425 19008
426 18586
427 18034
428 17656
429 17176
430 16834
431 16400
432 15884
433 15564
434 15452
435 15114
436 14594
437 14390
438 14124
439 13906
440 13490
441 13170
442 12830
443 12656
444 12434
445 12150
446 11992
447 11434
448 11184
449 11000
450 10728
451 10528
452 10212
453 9836
454 9728
455 9420
456 9140
457 8904
458 8650
459 8364
460 8246
461 7968
462 7758
463 7500
464 7214
465 7104
466 6780
467 6648
468 6408
469 6284
470 6140
471 5952
472 5762
473 5560
474 5338
475 5220
476 5056
477 4918
478 4732
479 4646
480 4466
481 4456
482 4352
483 4128
484 4044
485 3944
486 3800
487 3716
488 3640
489 3556
490 3514
491 3316
492 3280
493 3146
494 3074
495 2974
496 2912
497 2818
498 2730
499 2726
500 2644
501 2590
502 2488
503 2436
504 2374
505 2304
506 2260
507 2180
508 2062
509 2010
510 1940
511 1886
512 1882
513 1790
514 1702
515 1636
516 1592
517 1540
518 1494
519 1448
520 1394
521 1404
522 1342
523 1316
524 1268
525 1264
526 1196
527 1158
528 1144
529 1132
530 1066
531 1032
532 978
533 956
534 928
535 900
536 904
537 856
538 864
539 842
540 832
541 826
542 774
543 772
544 746
545 684
546 676
547 654
548 614
549 588
550 568
551 538
552 528
553 516
554 498
555 484
556 472
557 456
558 414
559 394
560 378
561 362
562 328
563 306
564 294
565 290
566 258
567 260
568 236
569 220
570 202
571 190
572 188
573 174
574 172
575 160
576 144
577 126
578 124
579 118
580 118
581 98
582 96
583 86
584 78
585 74
586 64
587 62
588 58
589 46
590 46
591 44
592 34
593 42
594 32
595 20
596 14
597 4
598 0
599 0
600 0
601 0
602 0
603 0
604 0
605 0
606 0
607 0
608 0
609 0
610 0
611 0
612 0
613 0
614 0
615 0
616 0
617 0
618 0
619 0
620 0
621 0
622 0
623 0
624 0
625 0
626 0
627 0
628 0
629 0
630 0
631 0
632 0
633 0
634 0
635 0
636 0
637 0
638 0
639 0
640 0
641 0
642 0
643 0
644 0
645 0
646 0
647 0
648 0
649 0
650 0
651 0
652 0
653 0
654 0
655 0
656 0
657 0
658 0
659 0
660 0
661 0
662 0
663 0
664 0
665 0
666 0
667 0
668 0
669 0
670 0
671 0
672 0
673 0
674 0
675 0
676 0
677 0
678 0
679 0
680 0
681 0
682 0
683 0
684 0
685 0
686 0
687 0
688 0
689 0
690 0
691 0
692 0
693 0
694 0
695 0
696 0
697 0
698 0
699 0
700 0
701 0
702 0
703 0
704 0
705 0
706 0
707 0
708 0
709 0
710 0
711 0
712 0
713 0
714 0
715 0
716 0
717 0
718 0
719 0
720 0
721 0
722 0
723 0
724 0
725 0
726 0
727 0
728 0
729 0
730 0
731 0
732 0
733 0
734 0
735 0
736 0
737 0
738 0
739 0
740 0
741 0
742 0
743 0
744 0
745 0
746 0
747 0
748 0
749 0
750 0
751 0
752 0
753 0
754 0
755 0
756 0
757 0
758 0
759 0
760 0
761 0
762 0
763 0
764 0
765 0
766 0
767 0
768 0
769 0
770 0
771 0
772 0
773 0
774 0
775 0
776 0
777 0
778 0
779 0
780 0
781 0
782 0
783 0
784 0
785 0
786 0
787 0
788 0
789 0
790 0
791 0
792 0
793 0
794 0
795 0
796 0
797 0
798 0
799 0
800 0
801 0
802 0
803 0
804 0
805 0
806 0
807 0
808 0
809 0
810 0
811 0
812 0
813 0
814 0
815 0
816 0
817 0
818 0
819 0
820 0
821 0
822 0
823 0
824 0
825 0
826 0
827 0
828 0
829 0
830 0
831 0
832 0
833 0
834 0
835 0
836 0
837 0
838 0
839 0
840 0
841 0
842 0
843 0
844 0
845 0
846 0
847 0
848 0
849 0
850 0
851 0
852 0
853 0
854 0
855 0
856 0
857 0
858 0
859 0
860 0
861 0
862 0
863 0
864 0
865 0
866 0
867 0
868 0
869 0
870 0
871 0
872 0
873 0
874 0
875 0
876 0
877 0
878 0
879 0
880 0
881 0
882 0
883 0
884 0
885 0
886 0
887 0
888 0
889 0
890 0
891 0
892 0
893 0
894 0
895 0
