0 6451200
1 12900600
2 65356708
3 107088642
4 106739164
5 106387676
6 106023574
7 105647938
8 105316180
9 104937018
10 104574006
11 104249848
12 103864396
13 103469236
14 103100280
15 102779770
16 102430452
17 102070966
18 101712842
19 101338882
20 100968424
21 100611374
22 100268510
23 99859748
24 99548548
25 99170590
26 98832432
27 98480812
28 98096746
29 97743012
30 97359384
31 96996092
32 96627998
33 96274326
34 95921302
35 95557466
36 95197180
37 94840858
38 94472658
39 94128642
40 93843620
41 93553092
42 93258474
43 92966122
44 92656630
45 92392016
46 92099988
47 91821162
48 91536266
49 91261970
50 90982190
51 90687768
52 90402024
53 90115120
54 89845568
55 89575678
56 89298198
57 89024182
58 88727616
59 88439312
60 88118856
61 87854818
62 87542500
63 87263538
64 86939550
65 86640870
66 86377004
67 86113098
68 85858324
69 85602288
70 85373640
71 85107474
72 84915910
73 84687250
74 84483848
75 84263668
76 84040610
77 83828940
78 83594604
79 83374914
80 83167526
81 82938602
82 82738908
83 82509094
84 82304166
85 82074910
86 81857400
87 81636296
88 81423012
89 81192694
90 80978748
91 80771870
92 80569360
93 80364672
94 80140492
95 79933550
96 79718250
97 79472554
98 79265322
99 79054612
100 78843136
101 78654476
102 78504798
103 78264662
104 78075078
105 77908710
106 77716480
107 77500420
108 77296212
109 77108752
110 76915006
111 76703538
112 76529586
113 76333786
114 76150014
115 75962650
116 75787930
117 75593648
118 75416066
119 75246692
120 75075214
121 74869114
122 74683190
123 74513942
124 74358756
125 74141376
126 73994970
127 73820174
128 73634088
129 73457264
130 73276548
131 73097032
132 72916734
133 72743032
134 72574638
135 72400700
136 72215490
137 72076964
138 71898188
139 71746440
140 71564864
141 71441842
142 71263992
143 71099868
144 70985710
145 70777674
146 70634404
147 70482498
148 70323344
149 70172544
150 70015554
151 69882010
152 69722458
153 69564626
154 69405224
155 69239506
156 69110720
157 68957652
158 68795028
159 68636044
160 68481294
161 68348148
162 68162650
163 68022318
164 67861376
165 67706566
166 67580786
167 67419136
168 67252576
169 67094106
170 66952516
171 66799916
172 66634708
173 66478422
174 66328128
175 66158006
176 65989192
177 65828666
178 65695878
179 65535140
180 65397688
181 65240008
182 65083980
183 64955560
184 64820820
185 64656950
186 64519152
187 64376992
188 64225854
189 64088500
190 63956734
191 63799810
192 63650176
193 63494994
194 63361258
195 63215956
196 63090148
197 62949266
198 62809162
199 62650758
200 62523470
201 62377420
202 62239018
203 62097974
204 61964578
205 61841770
206 61716424
207 61569072
208 61459522
209 61303634
210 61180500
211 61040738
212 60890858
213 60768630
214 60649426
215 60513568
216 60404648
217 60244786
218 60149222
219 60016892
220 59896452
221 59758238
222 59641492
223 59510496
224 59387876
225 59271154
226 59139700
227 59019066
228 58903074
229 58789462
230 58667712
231 58555238
232 58430828
233 58325474
234 58178558
235 58075796
236 57934828
237 57816740
238 57715992
239 57577030
240 57463890
241 57349646
242 57226888
243 57101464
244 57000746
245 56867722
246 56766232
247 56634836
248 56539366
249 56400044
250 56277022
251 56166382
252 56045480
253 55936310
254 55819842
255 55707234
256 55569164
257 55464600
258 55344488
259 55220442
260 55110380
261 55003048
262 54869228
263 54780204
264 54638122
265 54526952
266 54421278
267 54301660
268 54178926
269 54088618
270 53952898
271 53862638
272 53735338
273 53619782
274 53506270
275 53403972
276 53274106
277 53177936
278 53058802
279 52941848
280 52837364
281 52722352
282 52594008
283 52502392
284 52383860
285 52283542
286 52161782
287 52069204
288 51952628
289 51823166
290 51726908
291 51615848
292 51516160
293 51420314
294 51305638
295 51191354
296 51070702
297 50994986
298 50866488
299 50757220
300 50671870
301 50543046
302 50438724
303 50358802
304 50251048
305 50144102
306 50038494
307 49951782
308 49822868
309 49738888
310 49634486
311 49524824
312 49430106
313 49329156
314 49224584
315 49120994
316 49033266
317 48919416
318 48832528
319 48705892
320 48615586
321 48505872
322 48394664
323 48300726
324 48213766
325 48109730
326 48001078
327 47895402
328 47822894
329 47698166
330 47599104
331 47512038
332 47406962
333 47315916
334 47211320
335 47110176
336 47022296
337 46899206
338 46806328
339 46717994
340 46619560
341 46530660
342 46428924
343 46324446
344 46227046
345 46135504
346 46032382
347 45941542
348 45850604
349 45746016
350 45652814
351 45549356
352 45450082
353 45350292
354 45266394
355 45151586
356 45052506
357 44955974
358 44875680
359 44762646
360 44674592
361 44584014
362 44495608
363 44398280
364 44308598
365 44208736
366 44117896
367 44028874
368 43931248
369 43839588
370 43761746
371 43676524
372 43587640
373 43472522
374 43390424
375 43325254
376 43217144
377 43125450
378 43033780
379 42943092
380 42858948
381 42769230
382 42681316
383 42592374
384 42491840
385 42421492
386 42326054
387 42235406
388 42146588
389 42066856
390 41967588
391 41906638
392 41801588
393 41716768
394 41629896
395 41530346
396 41457466
397 41370326
398 41273684
399 41198404
400 41116560
401 41021774
402 40954110
403 40856618
404 40771056
405 40682528
406 40604766
407 40500332
408 40432792
409 40350630
410 40268358
411 40174438
412 40099590
413 40002180
414 39925360
415 39830398
416 39758354
417 39671242
418 39600114
419 39494452
420 39419160
421 39343416
422 39263066
423 39168536
424 39094890
425 39018452
426 38920912
427 38848028
428 38759372
429 38685052
430 38613058
431 38516334
432 38431800
433 38353336
434 38288320
435 38197760
436 38131262
437 38027584
438 37942260
439 37866852
440 37796334
441 37715202
442 37639514
443 37558564
444 37480482
445 37407650
446 37318314
447 37230778
448 37170048
449 37086416
450 36982984
451 36921078
452 36837674
453 36767882
454 36680654
455 36611138
456 36539380
457 36446510
458 36376816
459 36281214
460 36219952
461 36138910
462 36059432
463 35985148
464 35897776
465 35825742
466 35738214
467 35669830
468 35604556
469 35514812
470 35451542
471 35373230
472 35296126
473 35216368
474 35139380
475 35067962
476 34989454
477 34921958
478 34833180
479 34767042
480 34690114
481 34622286
482 34546532
483 34474164
484 34392326
485 34336372
486 34256352
487 34163752
488 34125012
489 34049448
490 33970744
491 33902364
492 33838836
493 33772874
494 33690484
495 33620646
496 33547442
497 33491608
498 33412122
499 33346556
500 33270824
501 33198858
502 33145634
503 33070328
504 33011694
505 32927608
506 32871168
507 32790486
508 32734736
509 32664322
510 32607970
511 32528368
512 32471704
513 32400654
514 32343148
515 32267190
516 32203952
517 32138604
518 32079602
519 32018860
520 31947514
521 31877218
522 31812056
523 31737258
524 31682304
525 31599076
526 31550172
527 31484954
528 31432082
529 31361116
530 31298674
531 31225058
532 31162248
533 31105922
534 31028952
535 30971012
536 30911896
537 30832678
538 30766630
539 30712762
540 30648462
541 30600198
542 30524924
543 30458760
544 30396822
545 30341450
546 30273150
547 30215726
548 30151774
549 30073898
550 30024052
551 29951644
552 29910204
553 29836640
554 29777120
555 29712688
556 29646678
557 29588418
558 29529706
559 29473978
560 29426676
561 29349696
562 29301620
563 29238380
564 29167712
565 29109362
566 29050028
567 28995212
568 28932362
569 28879916
570 28824028
571 28762064
572 28693226
573 28648292
574 28594176
575 28528886
576 28461432
577 28417572
578 28360634
579 28300606
580 28243994
581 28180758
582 28128668
583 28074346
584 28010798
585 27956892
586 27888938
587 27842878
588 27783996
589 27724248
590 27667222
591 27612592
592 27542124
593 27503008
594 27436766
595 27384528
596 27334988
597 27277814
598 27227796
599 27156726
600 27109984
601 27044092
602 26988142
603 26949990
604 26885080
605 26833842
606 26769530
607 26727422
608 26661764
609 26607524
610 26545674
611 26489830
612 26447286
613 26369040
614 26327068
615 26282116
616 26219526
617 26163714
618 26100186
619 26060848
620 26003976
621 25947188
622 25895916
623 25822800
624 25784104
625 25739964
626 25687318
627 25638152
628 25577622
629 25521948
630 25465022
631 25408418
632 25343156
633 25301058
634 25254294
635 25187410
636 25135100
637 25095912
638 25035328
639 24977622
640 24927578
641 24882940
642 24821578
643 24768816
644 24716368
645 24668210
646 24611632
647 24563444
648 24494744
649 24448344
650 24397160
651 24342962
652 24293316
653 24244664
654 24197820
655 24146154
656 24090248
657 24030182
658 23977872
659 23942040
660 23892150
661 23825132
662 23791594
663 23735032
664 23682096
665 23642518
666 23587214
667 23540868
668 23482936
669 23444432
670 23397758
671 23342072
672 23294808
673 23237574
674 23190984
675 23147636
676 23096622
677 23040466
678 23003392
679 22949068
680 22903290
681 22856992
682 22810356
683 22751714
684 22718572
685 22672562
686 22621316
687 22564328
688 22520180
689 22485650
690 22423352
691 22382212
692 22331140
693 22293142
694 22239608
695 22194068
696 22143332
697 22094166
698 22048920
699 22001808
700 21962316
701 21917684
702 21871558
703 21826296
704 21784306
705 21742194
706 21694956
707 21652288
708 21607048
709 21566436
710 21519822
711 21484526
712 21430790
713 21386388
714 21335720
715 21302774
716 21251106
717 21214624
718 21167228
719 21127718
720 21077214
721 21029880
722 20998870
723 20953046
724 20901220
725 20869136
726 20813004
727 20780598
728 20740814
729 20696794
730 20657994
731 20613892
732 20563850
733 20517012
734 20473948
735 20434940
736 20389176
737 20361544
738 20316202
739 20266294
740 20226366
741 20184672
742 20145324
743 20104906
744 20052940
745 20010640
746 19976718
747 19926812
748 19895746
749 19855456
750 19811498
751 19764732
752 19721152
753 19686842
754 19647588
755 19596382
756 19568140
757 19530420
758 19484562
759 19456956
760 19414596
761 19354082
762 19330546
763 19290160
764 19247974
765 19221768
766 19164978
767 19138492
768 19087716
769 19061058
770 19016376
771 18978546
772 18938074
773 18899462
774 18856432
775 18814728
776 18781424
777 18742322
778 18699868
779 18669622
780 18619758
781 18588066
782 18551740
783 18504242
784 18473144
785 18434216
786 18401302
787 18362982
788 18321832
789 18280596
790 18245514
791 18210572
792 18166634
793 18143488
794 18106404
795 18068930
796 18032804
797 17991218
798 17948242
799 17927116
800 17879098
801 17849648
802 17812896
803 17781294
804 17745378
805 17711802
806 17668872
807 17631478
808 17600832
809 17565198
810 17518166
811 17488488
812 17458230
813 17420770
814 17393060
815 17353430
816 17315808
817 17272360
818 17243958
819 17213066
820 17182438
821 17148458
822 17110818
823 17075688
824 17035078
825 16997998
826 16966920
827 16940696
828 16903344
829 16874872
830 16838868
831 16804582
832 16764742
833 16725992
834 16702966
835 16665602
836 16628236
837 16587046
838 16562962
839 16529286
840 16491044
841 16453566
842 16424354
843 16392276
844 16358714
845 16321308
846 16288828
847 16256200
848 16227576
849 16188766
850 16158034
851 16135548
852 16089264
853 16062598
854 16030210
855 15992572
856 15970970
857 15935442
858 15907666
859 15866960
860 15842434
861 15806628
862 15773768
863 15744348
864 15710572
865 15683620
866 15652634
867 15618692
868 15588102
869 15555888
870 15528312
871 15489426
872 15462844
873 15425344
874 15402544
875 15378180
876 15341832
877 15307260
878 15285184
879 15248880
880 15216884
881 15193276
882 15162626
883 15137776
884 15101910
885 15073000
886 15040560
887 15016334
888 14980260
889 14954166
890 14921534
891 14899886
892 14867234
893 14830106
894 14813448
895 14787112
896 14750836
897 14722318
898 14694548
899 14674246
900 14637884
901 14606718
902 14581066
903 14547692
904 14519214
905 14490478
906 14464484
907 14434470
908 14408924
909 14380220
910 14351484
911 14325296
912 14286592
913 14262298
914 14233478
915 14208858
916 14176142
917 14142936
918 14125712
919 14084642
920 14058288
921 14035950
922 14012780
923 13986690
924 13955280
925 13926000
926 13896976
927 13868928
928 13835850
929 13817356
930 13786118
931 13766546
932 13734602
933 13710074
934 13681624
935 13656596
936 13628366
937 13596028
938 13580236
939 13551514
940 13524442
941 13495856
942 13468988
943 13441410
944 13422318
945 13392396
946 13364040
947 13335500
948 13310194
949 13283672
950 13259202
951 13229204
952 13204962
953 13178568
954 13155454
955 13126300
956 13105150
957 13078736
958 13049102
959 13026952
960 12999744
961 12972310
962 12947308
963 12927182
964 12901902
965 12878856
966 12851096
967 12817120
968 12794896
969 12779748
970 12752098
971 12724794
972 12701196
973 12683490
974 12651428
975 12632884
976 12598030
977 12575188
978 12552398
979 12529412
980 12503216
981 12487670
982 12455226
983 12428200
984 12402380
985 12382520
986 12353264
987 12329778
988 12310166
989 12288278
990 12257876
991 12231828
992 12211356
993 12184722
994 12164630
995 12141832
996 12111042
997 12094718
998 12069282
999 12050174
1000 12018672
1001 11999458
1002 11968934
1003 11955890
1004 11931964
1005 11903404
1006 11881360
1007 11854084
1008 11837798
1009 11809534
1010 11782000
1011 11761704
1012 11736748
1013 11711450
1014 11688566
1015 11665416
1016 11643802
1017 11621202
1018 11591746
1019 11568120
1020 11541616
1021 11526288
1022 11501492
1023 11478380
1024 11453986
1025 11431586
1026 11410218
1027 11396418
1028 11369302
1029 11344466
1030 11325856
1031 11301400
1032 11274938
1033 11250976
1034 11233754
1035 11209492
1036 11187066
1037 11159114
1038 11140394
1039 11115098
1040 11096924
1041 11076694
1042 11058602
1043 11037752
1044 11011072
1045 10987866
1046 10965200
1047 10941848
1048 10925770
1049 10895822
1050 10875550
1051 10859206
1052 10832644
1053 10812808
1054 10786898
1055 10761082
1056 10744140
1057 10721752
1058 10697374
1059 10678342
1060 10655380
1061 10639776
1062 10617070
1063 10600020
1064 10574882
1065 10550344
1066 10531372
1067 10508108
1068 10490606
1069 10468502
1070 10445100
1071 10422768
1072 10410182
1073 10385516
1074 10366206
1075 10350424
1076 10326362
1077 10310002
1078 10289496
1079 10257722
1080 10241250
1081 10228026
1082 10205540
1083 10184564
1084 10158540
1085 10142492
1086 10123074
1087 10101324
1088 10086154
1089 10060666
1090 10038116
1091 10024632
1092 9996580
1093 9976842
1094 9956522
1095 9938760
1096 9920384
1097 9898952
1098 9876662
1099 9861392
1100 9844784
1101 9820588
1102 9797444
1103 9783002
1104 9764974
1105 9745776
1106 9725152
1107 9713148
1108 9684772
1109 9668966
1110 9646884
1111 9627370
1112 9606436
1113 9591798
1114 9573940
1115 9547030
1116 9533266
1117 9512558
1118 9496404
1119 9473600
1120 9452242
1121 9431982
1122 9417302
1123 9394270
1124 9373636
1125 9358980
1126 9340174
1127 9319166
1128 9307282
1129 9280606
1130 9263784
1131 9246862
1132 9231962
1133 9208730
1134 9198360
1135 9175968
1136 9154262
1137 9134826
1138 9121170
1139 9100154
1140 9082952
1141 9064358
1142 9049592
1143 9035294
1144 9011586
1145 9003642
1146 8980132
1147 8960862
1148 8938816
1149 8926038
1150 8908710
1151 8885936
1152 8876178
1153 8858662
1154 8844254
1155 8822700
1156 8801148
1157 8788898
1158 8770282
1159 8750800
1160 8740018
1161 8718518
1162 8704690
1163 8679434
1164 8666156
1165 8651994
1166 8637032
1167 8619658
1168 8600486
1169 8585818
1170 8565354
1171 8553088
1172 8537880
1173 8514234
1174 8503928
1175 8492150
1176 8470000
1177 8447590
1178 8438694
1179 8421706
1180 8394534
1181 8386248
1182 8372912
1183 8359734
1184 8342708
1185 8322440
1186 8304000
1187 8293074
1188 8272602
1189 8252012
1190 8240810
1191 8224484
1192 8208558
1193 8193112
1194 8173870
1195 8158136
1196 8146674
1197 8132096
1198 8113932
1199 8104224
1200 8081494
1201 8066366
1202 8054462
1203 8037406
1204 8027104
1205 8005356
1206 7987466
1207 7972218
1208 7958786
1209 7941660
1210 7923906
1211 7911844
1212 7896876
1213 7877440
1214 7863260
1215 7847502
1216 7828400
1217 7818186
1218 7802852
1219 7789154
1220 7770336
1221 7755814
1222 7743886
1223 7729520
1224 7710322
1225 7697924
1226 7681894
1227 7664194
1228 7653256
1229 7638726
1230 7626020
1231 7614582
1232 7597858
1233 7581644
1234 7567066
1235 7552578
1236 7536726
1237 7519726
1238 7506140
1239 7493852
1240 7478488
1241 7468548
1242 7454542
1243 7440568
1244 7425992
1245 7406302
1246 7400242
1247 7384692
1248 7374320
1249 7355954
1250 7347440
1251 7329078
1252 7318996
1253 7303260
1254 7291500
1255 7271042
1256 7256906
1257 7245982
1258 7231780
1259 7218734
1260 7206290
1261 7194640
1262 7181214
1263 7163860
1264 7156046
1265 7143412
1266 7129906
1267 7114228
1268 7103470
1269 7087952
1270 7077670
1271 7059134
1272 7049820
1273 7032758
1274 7017928
1275 7008800
1276 6990490
1277 6983920
1278 6962694
1279 6953482
1280 6936340
1281 6929674
1282 6917542
1283 6899508
1284 6890086
1285 6877364
1286 6858522
1287 6848214
1288 6832764
1289 6826244
1290 6808266
1291 6791826
1292 6785976
1293 6771654
1294 6757890
1295 6741818
1296 6732622
1297 6714696
1298 6708736
1299 6692834
1300 6678098
1301 6670128
1302 6659246
1303 6643336
1304 6631778
1305 6616708
1306 6607920
1307 6592602
1308 6584866
1309 6566610
1310 6556524
1311 6545004
1312 6534470
1313 6520386
1314 6508950
1315 6498584
1316 6481204
1317 6477306
1318 6459828
1319 6446450
1320 6436922
1321 6421036
1322 6407452
1323 6394898
1324 6383902
1325 6373182
1326 6361260
1327 6345526
1328 6333670
1329 6321876
1330 6314388
1331 6300050
1332 6286504
1333 6276516
1334 6262970
1335 6254034
1336 6241928
1337 6221796
1338 6214604
1339 6202466
1340 6192214
1341 6176324
1342 6165680
1343 6153462
1344 6139310
1345 6125362
1346 6116938
1347 6102872
1348 6090194
1349 6079636
1350 6067444
1351 6055758
1352 6045350
1353 6030398
1354 6021890
1355 6006392
1356 5997056
1357 5984558
1358 5975014
1359 5960278
1360 5951376
1361 5944390
1362 5931594
1363 5915716
1364 5902566
1365 5891916
1366 5880544
1367 5871464
1368 5858054
1369 5846256
1370 5833998
1371 5823760
1372 5812104
1373 5802034
1374 5789046
1375 5782208
1376 5768714
1377 5754942
1378 5743880
1379 5734016
1380 5718676
1381 5708642
1382 5696842
1383 5682736
1384 5674984
1385 5663338
1386 5652922
1387 5642138
1388 5629628
1389 5617218
1390 5612278
1391 5598738
1392 5585566
1393 5573788
1394 5562854
1395 5554446
1396 5537206
1397 5531088
1398 5518038
1399 5503834
1400 5495138
1401 5485842
1402 5479720
1403 5467808
1404 5451376
1405 5447158
1406 5429718
1407 5419914
1408 5407642
1409 5398274
1410 5389462
1411 5375974
1412 5367018
1413 5352454
1414 5346322
1415 5333526
1416 5319264
1417 5318952
1418 5302426
1419 5289684
1420 5279344
1421 5272052
1422 5260062
1423 5248626
1424 5239864
1425 5231848
1426 5217992
1427 5209078
1428 5197292
1429 5191112
1430 5175610
1431 5167830
1432 5154828
1433 5148696
1434 5136084
1435 5122540
1436 5114604
1437 5108596
1438 5094904
1439 5087126
1440 5078304
1441 5065176
1442 5054652
1443 5044648
1444 5033106
1445 5025958
1446 5015642
1447 5004256
1448 4992862
1449 4982838
1450 4977228
1451 4968168
1452 4955840
1453 4940594
1454 4933664
1455 4924274
1456 4913076
1457 4902876
1458 4893712
1459 4881432
1460 4875410
1461 4864360
1462 4850814
1463 4844402
1464 4833088
1465 4826616
1466 4814518
1467 4805544
1468 4796404
1469 4785144
1470 4777920
1471 4769456
1472 4758030
1473 4748566
1474 4738754
1475 4729090
1476 4720764
1477 4711178
1478 4699196
1479 4695374
1480 4681144
1481 4669716
1482 4659464
1483 4648198
1484 4644748
1485 4630500
1486 4625634
1487 4614160
1488 4607054
1489 4598930
1490 4589254
1491 4582740
1492 4562688
1493 4555256
1494 4549386
1495 4540672
1496 4530724
1497 4521224
1498 4513376
1499 4501608
1500 4495378
1501 4486002
1502 4477516
1503 4465598
1504 4454764
1505 4449094
1506 4440136
1507 4432670
1508 4424138
1509 4411320
1510 4405856
1511 4397986
1512 4388528
1513 4379644
1514 4375632
1515 4364956
1516 4351324
1517 4341320
1518 4337718
1519 4325066
1520 4317020
1521 4309382
1522 4298894
1523 4294828
1524 4283562
1525 4276742
1526 4264274
1527 4256974
1528 4249610
1529 4239636
1530 4232910
1531 4224742
1532 4216880
1533 4206676
1534 4199478
1535 4192266
1536 4182836
1537 4173044
1538 4163834
1539 4155262
1540 4146832
1541 4140010
1542 4130748
1543 4118298
1544 4112998
1545 4107028
1546 4098518
1547 4090580
1548 4082024
1549 4069570
1550 4063156
1551 4054628
1552 4047838
1553 4038660
1554 4030200
1555 4024960
1556 4010850
1557 4007038
1558 3998582
1559 3990268
1560 3981486
1561 3971694
1562 3967884
1563 3956148
1564 3945890
1565 3941004
1566 3932850
1567 3922172
1568 3914076
1569 3908544
1570 3902960
1571 3893082
1572 3884304
1573 3879144
1574 3869028
1575 3860526
1576 3852916
1577 3844542
1578 3839154
1579 3829012
1580 3820134
1581 3809884
1582 3800384
1583 3797378
1584 3787534
1585 3777964
1586 3775202
1587 3762876
1588 3759118
1589 3749682
1590 3741854
1591 3730882
1592 3725154
1593 3716080
1594 3711550
1595 3702876
1596 3695380
1597 3687582
1598 3679850
1599 3671022
1600 3665936
1601 3658444
1602 3650620
1603 3640878
1604 3630578
1605 3630106
1606 3616830
1607 3612660
1608 3601950
1609 3595038
1610 3586738
1611 3579840
1612 3571040
1613 3567178
1614 3559740
1615 3550078
1616 3547084
1617 3538268
1618 3529414
1619 3520254
1620 3515226
1621 3502742
1622 3498052
1623 3490310
1624 3479698
1625 3475302
1626 3472174
1627 3460590
1628 3460548
1629 3447376
1630 3441034
1631 3436714
1632 3427996
1633 3421600
1634 3409662
1635 3408238
1636 3398880
1637 3390250
1638 3383070
1639 3379272
1640 3372154
1641 3363372
1642 3355212
1643 3348286
1644 3342748
1645 3335968
1646 3331576
1647 3321002
1648 3313840
1649 3310112
1650 3302228
1651 3294772
1652 3288710
1653 3282572
1654 3272068
1655 3268548
1656 3259794
1657 3253638
1658 3244524
1659 3238932
1660 3235854
1661 3229726
1662 3222838
1663 3215588
1664 3209230
1665 3203416
1666 3194050
1667 3190466
1668 3183188
1669 3176306
1670 3167908
1671 3163520
1672 3154252
1673 3152382
1674 3143034
1675 3139626
1676 3129432
1677 3121630
1678 3116080
1679 3110580
1680 3102538
1681 3096232
1682 3092204
1683 3085318
1684 3076924
1685 3073352
1686 3064454
1687 3058432
1688 3056522
1689 3050172
1690 3041732
1691 3031682
1692 3029076
1693 3022706
1694 3015672
1695 3008842
1696 3003542
1697 2998590
1698 2991052
1699 2985972
1700 2979114
1701 2973210
1702 2968360
1703 2961430
1704 2956922
1705 2950152
1706 2945524
1707 2938058
1708 2931872
1709 2924300
1710 2919838
1711 2912350
1712 2908514
1713 2902216
1714 2890292
1715 2887648
1716 2882672
1717 2879158
1718 2870706
1719 2865008
1720 2858254
1721 2852842
1722 2847006
1723 2839554
1724 2834668
1725 2827606
1726 2819474
1727 2816326
1728 2810394
1729 2803192
1730 2798808
1731 2793418
1732 2785990
1733 2781202
1734 2776256
1735 2771580
1736 2765390
1737 2759522
1738 2752274
1739 2747430
1740 2739466
1741 2735868
1742 2732192
1743 2723790
1744 2718830
1745 2711882
1746 2706256
1747 2698722
1748 2695646
1749 2689246
1750 2685676
1751 2677532
1752 2669904
1753 2664136
1754 2661126
1755 2656728
1756 2652040
1757 2643692
1758 2637940
1759 2634192
1760 2626714
1761 2620992
1762 2616132
1763 2613784
1764 2607874
1765 2601644
1766 2592676
1767 2590402
1768 2585366
1769 2580806
1770 2577990
1771 2567556
1772 2565436
1773 2558036
1774 2552528
1775 2549376
1776 2544782
1777 2536336
1778 2531974
1779 2530210
1780 2521490
1781 2517028
1782 2509990
1783 2507122
1784 2501808
1785 2495866
1786 2489636
1787 2484750
1788 2481964
1789 2477376
1790 2470400
1791 2463802
1792 2459118
1793 2454860
1794 2449168
1795 2443972
1796 2440846
1797 2434084
1798 2427038
1799 2423834
1800 2417206
1801 2411878
1802 2405904
1803 2403028
1804 2395348
1805 2391650
1806 2386288
1807 2382016
1808 2378584
1809 2372846
1810 2368670
1811 2358786
1812 2357354
1813 2350794
1814 2349882
1815 2340560
1816 2338428
1817 2331582
1818 2328806
1819 2323522
1820 2316944
1821 2312318
1822 2310876
1823 2305184
1824 2299884
1825 2295640
1826 2292720
1827 2287510
1828 2279962
1829 2276278
1830 2272276
1831 2265446
1832 2259678
1833 2257334
1834 2253476
1835 2248922
1836 2241964
1837 2238424
1838 2232866
1839 2229534
1840 2227058
1841 2220986
1842 2215958
1843 2211750
1844 2206030
1845 2201304
1846 2196672
1847 2192540
1848 2187158
1849 2182658
1850 2177180
1851 2172630
1852 2169718
1853 2164670
1854 2157262
1855 2156256
1856 2150158
1857 2147308
1858 2141532
1859 2136766
1860 2135108
1861 2128516
1862 2123880
1863 2119044
1864 2113986
1865 2108412
1866 2103760
1867 2100310
1868 2094744
1869 2092218
1870 2086512
1871 2081310
1872 2079790
1873 2074334
1874 2069348
1875 2067356
1876 2061764
1877 2056488
1878 2051790
1879 2047090
1880 2045840
1881 2041100
1882 2035380
1883 2030768
1884 2026664
1885 2020586
1886 2017200
1887 2014830
1888 2010762
1889 2005184
1890 1999826
1891 1998818
1892 1991438
1893 1987900
1894 1983928
1895 1978372
1896 1975370
1897 1971182
1898 1964524
1899 1962616
1900 1960210
1901 1951806
1902 1947096
1903 1945410
1904 1940442
1905 1935636
1906 1931128
1907 1924580
1908 1920626
1909 1918670
1910 1916488
1911 1910458
1912 1907560
1913 1901996
1914 1895782
1915 1894294
1916 1888462
1917 1888118
1918 1880184
1919 1879358
1920 1875668
1921 1871192
1922 1867204
1923 1861994
1924 1857000
1925 1853268
1926 1850118
1927 1844838
1928 1839994
1929 1841040
1930 1835196
1931 1829202
1932 1827158
1933 1823496
1934 1818826
1935 1814772
1936 1810794
1937 1808168
1938 1805784
1939 1799018
1940 1795564
1941 1793544
1942 1789006
1943 1786138
1944 1779430
1945 1774794
1946 1772430
1947 1766440
1948 1765274
1949 1760678
1950 1754606
1951 1752332
1952 1751340
1953 1746174
1954 1742824
1955 1738150
1956 1733016
1957 1729518
1958 1728252
1959 1724458
1960 1719398
1961 1714526
1962 1710894
1963 1710172
1964 1703892
1965 1699644
1966 1696566
1967 1692552
1968 1689640
1969 1683888
1970 1681876
1971 1678626
1972 1674828
1973 1671182
1974 1668262
1975 1663396
1976 1659242
1977 1657688
1978 1651064
1979 1647558
1980 1645762
1981 1640134
1982 1639320
1983 1633654
1984 1630950
1985 1627200
1986 1622764
1987 1618626
1988 1616108
1989 1612874
1990 1608268
1991 1605390
1992 1601204
1993 1599156
1994 1594370
1995 1589282
1996 1588400
1997 1585090
1998 1581404
1999 1578236
2000 1574396
2001 1568460
2002 1565096
2003 1561136
2004 1562080
2005 1556290
2006 1553206
2007 1551284
2008 1546108
2009 1542714
2010 1539646
2011 1537248
2012 1534792
2013 1528186
2014 1525644
2015 1524424
2016 1520006
2017 1517328
2018 1512962
2019 1510720
2020 1508106
2021 1502722
2022 1500516
2023 1497064
2024 1494632
2025 1490526
2026 1488440
2027 1486078
2028 1482870
2029 1478002
2030 1473760
2031 1469368
2032 1467198
2033 1464070
2034 1457950
2035 1457908
2036 1454324
2037 1451126
2038 1447504
2039 1446114
2040 1441622
2041 1439694
2042 1436072
2043 1432634
2044 1428804
2045 1427906
2046 1424752
2047 1420992
2048 1418976
2049 1412942
2050 1411886
2051 1408092
2052 1405110
2053 1400614
2054 1400520
2055 1396302
2056 1390410
2057 1388988
2058 1386226
2059 1382642
2060 1378226
2061 1375846
2062 1374492
2063 1370002
2064 1367370
2065 1363786
2066 1360524
2067 1358180
2068 1354662
2069 1351336
2070 1347446
2071 1347508
2072 1343824
2073 1341484
2074 1339008
2075 1336058
2076 1332144
2077 1329588
2078 1326664
2079 1323310
2080 1321090
2081 1316476
2082 1315104
2083 1311782
2084 1310554
2085 1306118
2086 1303770
2087 1300186
2088 1297722
2089 1292670
2090 1290338
2091 1287896
2092 1284984
2093 1279976
2094 1280116
2095 1276826
2096 1272388
2097 1271370
2098 1266154
2099 1265370
2100 1260144
2101 1258092
2102 1257004
2103 1254316
2104 1250232
2105 1248376
2106 1243674
2107 1242806
2108 1239856
2109 1238264
2110 1234710
2111 1230234
2112 1228500
2113 1226036
2114 1223956
2115 1221280
2116 1218164
2117 1215456
2118 1212460
2119 1208642
2120 1208366
2121 1204702
2122 1201108
2123 1199702
2124 1196764
2125 1193252
2126 1191678
2127 1188330
2128 1186138
2129 1182830
2130 1180980
2131 1178408
2132 1175754
2133 1172466
2134 1171322
2135 1166344
2136 1163232
2137 1162962
2138 1159538
2139 1155916
2140 1152154
2141 1151386
2142 1148656
2143 1145934
2144 1144490
2145 1141120
2146 1136672
2147 1135990
2148 1133066
2149 1131454
2150 1129730
2151 1124582
2152 1123258
2153 1118234
2154 1117962
2155 1114492
2156 1112138
2157 1110134
2158 1107020
2159 1105730
2160 1103488
2161 1100234
2162 1098580
2163 1092666
2164 1093548
2165 1089600
2166 1086106
2167 1083678
2168 1082502
2169 1079024
2170 1074902
2171 1073758
2172 1070728
2173 1068950
2174 1067014
2175 1062936
2176 1061986
2177 1058676
2178 1057246
2179 1054680
2180 1052556
2181 1049612
2182 1048308
2183 1043644
2184 1042454
2185 1039086
2186 1037922
2187 1035606
2188 1033906
2189 1029484
2190 1028886
2191 1026338
2192 1021502
2193 1021216
2194 1019258
2195 1016130
2196 1014430
2197 1011082
2198 1009520
2199 1007400
2200 1003968
2201 1002064
2202 999984
2203 997914
2204 996462
2205 994716
2206 990730
2207 988422
2208 986516
2209 984438
2210 981420
2211 981520
2212 978206
2213 975356
2214 973398
2215 972020
2216 968470
2217 966732
2218 962752
2219 962350
2220 959966
2221 957554
2222 955624
2223 953190
2224 952594
2225 949312
2226 947274
2227 945546
2228 942292
2229 940708
2230 938970
2231 935570
2232 932648
2233 931878
2234 929514
2235 926838
2236 925908
2237 923288
2238 921482
2239 919276
2240 917692
2241 915498
2242 913474
2243 910446
2244 907016
2245 905980
2246 905172
2247 901306
2248 899928
2249 898672
2250 895576
2251 893872
2252 892314
2253 889192
2254 887292
2255 885510
2256 883746
2257 881892
2258 880780
2259 876890
2260 875408
2261 873542
2262 869878
2263 868268
2264 866630
2265 865050
2266 863086
2267 861208
2268 859132
2269 856898
2270 854298
2271 852774
2272 852156
2273 849648
2274 848726
2275 844922
2276 841864
2277 840238
2278 837590
2279 836522
2280 835720
2281 832322
2282 832004
2283 829516
2284 827188
2285 825294
2286 824284
2287 822988
2288 819714
2289 816808
2290 817498
2291 815300
2292 813322
2293 811794
2294 809282
2295 808924
2296 806056
2297 804400
2298 803830
2299 800298
2300 800274
2301 798288
2302 794960
2303 792390
2304 792014
2305 790968
2306 788046
2307 785862
2308 784544
2309 781796
2310 781490
2311 778868
2312 778262
2313 775470
2314 774046
2315 770972
2316 771044
2317 769096
2318 766578
2319 764502
2320 763494
2321 761462
2322 761802
2323 759932
2324 757476
2325 753940
2326 755288
2327 753120
2328 752680
2329 750048
2330 747454
2331 746356
2332 744452
2333 743098
2334 739878
2335 740566
2336 738592
2337 736826
2338 735128
2339 734152
2340 733100
2341 730630
2342 729964
2343 728030
2344 726182
2345 724454
2346 723884
2347 720194
2348 719704
2349 718146
2350 717032
2351 715938
2352 713950
2353 712484
2354 711460
2355 708344
2356 706460
2357 706190
2358 705312
2359 703958
2360 703060
2361 701170
2362 700658
2363 696734
2364 696320
2365 696434
2366 693532
2367 692844
2368 690614
2369 689764
2370 687608
2371 687012
2372 686210
2373 683338
2374 681742
2375 679256
2376 679108
2377 677926
2378 676930
2379 675734
2380 674544
2381 672242
2382 671054
2383 669312
2384 667446
2385 666574
2386 664822
2387 663494
2388 662520
2389 661050
2390 660358
2391 657236
2392 656452
2393 654930
2394 655116
2395 651576
2396 649916
2397 650590
2398 648274
2399 646312
2400 645534
2401 643964
2402 642652
2403 641378
2404 639102
2405 638126
2406 636244
2407 634496
2408 632784
2409 632006
2410 630632
2411 628972
2412 627922
2413 625718
2414 624502
2415 623828
2416 621774
2417 620874
2418 620216
2419 618490
2420 616346
2421 616040
2422 614222
2423 611272
2424 610880
2425 609812
2426 608194
2427 606988
2428 605690
2429 604300
2430 602828
2431 602156
2432 599558
2433 598814
2434 597392
2435 596222
2436 593642
2437 592978
2438 592662
2439 591922
2440 589654
2441 588308
2442 587788
2443 584628
2444 583978
2445 582738
2446 582446
2447 579880
2448 578956
2449 576970
2450 575910
2451 574840
2452 573532
2453 571798
2454 570314
2455 569186
2456 568434
2457 566302
2458 565966
2459 565100
2460 562776
2461 560548
2462 559814
2463 559580
2464 557268
2465 557008
2466 555326
2467 553412
2468 552008
2469 552002
2470 550350
2471 549474
2472 547516
2473 546638
2474 545562
2475 544504
2476 542820
2477 541296
2478 540790
2479 540240
2480 537632
2481 536796
2482 535570
2483 535770
2484 533434
2485 532694
2486 530670
2487 529622
2488 529246
2489 527528
2490 526956
2491 524822
2492 524160
2493 522314
2494 520774
2495 520038
2496 519724
2497 518772
2498 516958
2499 515240
2500 515126
2501 512580
2502 512212
2503 511256
2504 509886
2505 508310
2506 507618
2507 506812
2508 505634
2509 504900
2510 503592
2511 501008
2512 500324
2513 500026
2514 496958
2515 496540
2516 496082
2517 494946
2518 493408
2519 492126
2520 490732
2521 489672
2522 488964
2523 487560
2524 486806
2525 485784
2526 485124
2527 483342
2528 481354
2529 480722
2530 480390
2531 479192
2532 478478
2533 476656
2534 475802
2535 474474
2536 474076
2537 472442
2538 470720
2539 468520
2540 468500
2541 468342
2542 466722
2543 464480
2544 464374
2545 463506
2546 462584
2547 461652
2548 459922
2549 459576
2550 458342
2551 456520
2552 455654
2553 454732
2554 453544
2555 452824
2556 451254
2557 450106
2558 449434
2559 447882
2560 447146
2561 446464
2562 445696
2563 443790
2564 442228
2565 440814
2566 440740
2567 440082
2568 437704
2569 437782
2570 436600
2571 435050
2572 435180
2573 433778
2574 432534
2575 432036
2576 429808
2577 429564
2578 428944
2579 426724
2580 426370
2581 426058
2582 425380
2583 424126
2584 422668
2585 421482
2586 420928
2587 420270
2588 419336
2589 418182
2590 417140
2591 415062
2592 415242
2593 413908
2594 413430
2595 412208
2596 411442
2597 411044
2598 410036
2599 408076
2600 408140
2601 407886
2602 405750
2603 404810
2604 404338
2605 402466
2606 401438
2607 401462
2608 400106
2609 399322
2610 398458
2611 397852
2612 396258
2613 395466
2614 395054
2615 394548
2616 393404
2617 392572
2618 391020
2619 389838
2620 389222
2621 388238
2622 388340
2623 387262
2624 386696
2625 385158
2626 384762
2627 383278
2628 381930
2629 381378
2630 379690
2631 379970
2632 378768
2633 378822
2634 377672
2635 376640
2636 376290
2637 373650
2638 373878
2639 372464
2640 371808
2641 371016
2642 370102
2643 368742
2644 368172
2645 367504
2646 365694
2647 366382
2648 365294
2649 364352
2650 362918
2651 361494
2652 361572
2653 360686
2654 359188
2655 358426
2656 358384
2657 357532
2658 355942
2659 355100
2660 353656
2661 353556
2662 352798
2663 351700
2664 350712
2665 350598
2666 349692
2667 348744
2668 348396
2669 346842
2670 345596
2671 345480
2672 344412
2673 343726
2674 342554
2675 342482
2676 341202
2677 339586
2678 339826
2679 337564
2680 337350
2681 336196
2682 335760
2683 334246
2684 334364
2685 334406
2686 332250
2687 331594
2688 331142
2689 330528
2690 329034
2691 328034
2692 327844
2693 326130
2694 325690
2695 325210
2696 324304
2697 322560
2698 322876
2699 322446
2700 320658
2701 319266
2702 319238
2703 318634
2704 317846
2705 316488
2706 315652
2707 314476
2708 314554
2709 313588
2710 313142
2711 311580
2712 310870
2713 311164
2714 309910
2715 308714
2716 307764
2717 307026
2718 306236
2719 305442
2720 304696
2721 304288
2722 303432
2723 302968
2724 302194
2725 300892
2726 300300
2727 299702
2728 298456
2729 298250
2730 297370
2731 296684
2732 296090
2733 296238
2734 295494
2735 294708
2736 292680
2737 292530
2738 292144
2739 291314
2740 290790
2741 289524
2742 289236
2743 288524
2744 287744
2745 287420
2746 287004
2747 285044
2748 285906
2749 284888
2750 283408
2751 282546
2752 282490
2753 281248
2754 280990
2755 279882
2756 279400
2757 279204
2758 278452
2759 278358
2760 277074
2761 276140
2762 276070
2763 274764
2764 274268
2765 273382
2766 272820
2767 271502
2768 271236
2769 270652
2770 270302
2771 269134
2772 268126
2773 268666
2774 267402
2775 266938
2776 266242
2777 265212
2778 264866
2779 264380
2780 263256
2781 262724
2782 263090
2783 262370
2784 261102
2785 260348
2786 260326
2787 259032
2788 258356
2789 258346
2790 257196
2791 256482
2792 256374
2793 255280
2794 254312
2795 254888
2796 254112
2797 253562
2798 251980
2799 252190
2800 251514
2801 250328
2802 249980
2803 250226
2804 248748
2805 248224
2806 247690
2807 247546
2808 246332
2809 246548
2810 245218
2811 244694
2812 243076
2813 243004
2814 242194
2815 241626
2816 242138
2817 241168
2818 240296
2819 239538
2820 239182
2821 239276
2822 238692
2823 237654
2824 236992
2825 236336
2826 235922
2827 235770
2828 235204
2829 234370
2830 233368
2831 233164
2832 232804
2833 232272
2834 231240
2835 231110
2836 230834
2837 229948
2838 229586
2839 229066
2840 227796
2841 228370
2842 227116
2843 227310
2844 226098
2845 225932
2846 225300
2847 224324
2848 224278
2849 223198
2850 222698
2851 222578
2852 222124
2853 221758
2854 221582
2855 220486
2856 220508
2857 220164
2858 219334
2859 219138
2860 217736
2861 217940
2862 217346
2863 216704
2864 216322
2865 215850
2866 215338
2867 215856
2868 214380
2869 214260
2870 214156
2871 212848
2872 212518
2873 211954
2874 211380
2875 211600
2876 210992
2877 210252
2878 209334
2879 209246
2880 209416
2881 208124
2882 208216
2883 207982
2884 207288
2885 206938
2886 206666
2887 205992
2888 205608
2889 205778
2890 205010
2891 204072
2892 204254
2893 203488
2894 203266
2895 202904
2896 202270
2897 201760
2898 201520
2899 200642
2900 200408
2901 200102
2902 199670
2903 199170
2904 199136
2905 198222
2906 197976
2907 197704
2908 197030
2909 196610
2910 196236
2911 195848
2912 195242
2913 194720
2914 194506
2915 194078
2916 194038
2917 193156
2918 193276
2919 192692
2920 192380
2921 192518
2922 191602
2923 190758
2924 190674
2925 190000
2926 189548
2927 189248
2928 188612
2929 188760
2930 188252
2931 187472
2932 187304
2933 187112
2934 186096
2935 186184
2936 185616
2937 185444
2938 184720
2939 184440
2940 184200
2941 183538
2942 182816
2943 183166
2944 182354
2945 182196
2946 181600
2947 180898
2948 180820
2949 180782
2950 180266
2951 179574
2952 179604
2953 179162
2954 178820
2955 178126
2956 177814
2957 178516
2958 177226
2959 176970
2960 176708
2961 176890
2962 176390
2963 175444
2964 175148
2965 174944
2966 174430
2967 174318
2968 173880
2969 173614
2970 173538
2971 173100
2972 172402
2973 172264
2974 172084
2975 171862
2976 171386
2977 171154
2978 170598
2979 170532
2980 169426
2981 169796
2982 169166
2983 168814
2984 168422
2985 168542
2986 168218
2987 167838
2988 167018
2989 167234
2990 167040
2991 166118
2992 165096
2993 165496
2994 165408
2995 165242
2996 164794
2997 164334
2998 163858
2999 163214
3000 162968
3001 162966
3002 162492
3003 162224
3004 161992
3005 162066
3006 161352
3007 160750
3008 161156
3009 160690
3010 159728
3011 159450
3012 159616
3013 159736
3014 159450
3015 158850
3016 159058
3017 157718
3018 157990
3019 157610
3020 157600
3021 157100
3022 156568
3023 156766
3024 156424
3025 155502
3026 155288
3027 155394
3028 155234
3029 154558
3030 154352
3031 154090
3032 153318
3033 153390
3034 152624
3035 152474
3036 152396
3037 151884
3038 151222
3039 150788
3040 150844
3041 150772
3042 150072
3043 149858
3044 149596
3045 149206
3046 149092
3047 148956
3048 148486
3049 148234
3050 148090
3051 147472
3052 147780
3053 147478
3054 147054
3055 146490
3056 146468
3057 146504
3058 145788
3059 145056
3060 144952
3061 144840
3062 144204
3063 144180
3064 143468
3065 143860
3066 143274
3067 142784
3068 142732
3069 142172
3070 141700
3071 141500
3072 141320
3073 141124
3074 140718
3075 140732
3076 139952
3077 139844
3078 139516
3079 138598
3080 138400
3081 138772
3082 138078
3083 137778
3084 137826
3085 137390
3086 136994
3087 136670
3088 136352
3089 136146
3090 136148
3091 135566
3092 135288
3093 135172
3094 134472
3095 134158
3096 134146
3097 134100
3098 133552
3099 133998
3100 133206
3101 132502
3102 132702
3103 132076
3104 132302
3105 131330
3106 130836
3107 131142
3108 130384
3109 130418
3110 130592
3111 129848
3112 129680
3113 128952
3114 128848
3115 128680
3116 128638
3117 127688
3118 127836
3119 127836
3120 126744
3121 126566
3122 126456
3123 126654
3124 126010
3125 125456
3126 125246
3127 125022
3128 125302
3129 124606
3130 124402
3131 124238
3132 123322
3133 123698
3134 123288
3135 123076
3136 122668
3137 122448
3138 122278
3139 121802
3140 121480
3141 121180
3142 121088
3143 120804
3144 120816
3145 120154
3146 119756
3147 119510
3148 119266
3149 118648
3150 118874
3151 118606
3152 118426
3153 117904
3154 117574
3155 117704
3156 116826
3157 116890
3158 116760
3159 116648
3160 116124
3161 115606
3162 115386
3163 114792
3164 114584
3165 114938
3166 114264
3167 114314
3168 114078
3169 113620
3170 113410
3171 112864
3172 112418
3173 112402
3174 112586
3175 112190
3176 111742
3177 111224
3178 111380
3179 110962
3180 110624
3181 110408
3182 110264
3183 110116
3184 109366
3185 109270
3186 109264
3187 108884
3188 108710
3189 108340
3190 108092
3191 108236
3192 107440
3193 107404
3194 106976
3195 106966
3196 106620
3197 106266
3198 105898
3199 105846
3200 105516
3201 105476
3202 105112
3203 104592
3204 104634
3205 104006
3206 103892
3207 103778
3208 103904
3209 103820
3210 102824
3211 102954
3212 102778
3213 102272
3214 102268
3215 101608
3216 101680
3217 101458
3218 100924
3219 100678
3220 100470
3221 100866
3222 99986
3223 99560
3224 99528
3225 99002
3226 98898
3227 98858
3228 98646
3229 98188
3230 97754
3231 97450
3232 97328
3233 97378
3234 96850
3235 96624
3236 96608
3237 95894
3238 95912
3239 95638
3240 95348
3241 94768
3242 94398
3243 94738
3244 94386
3245 94330
3246 94130
3247 93610
3248 93612
3249 93380
3250 93342
3251 93142
3252 93422
3253 92582
3254 92420
3255 92120
3256 92290
3257 91508
3258 91622
3259 91370
3260 91548
3261 90924
3262 90742
3263 90262
3264 90096
3265 90032
3266 90134
3267 89814
3268 89284
3269 89104
3270 88824
3271 88710
3272 88854
3273 87960
3274 88276
3275 87996
3276 87636
3277 87594
3278 87300
3279 87000
3280 86890
3281 86640
3282 86792
3283 86076
3284 86210
3285 85742
3286 85784
3287 85254
3288 85526
3289 84768
3290 84862
3291 84862
3292 84620
3293 84040
3294 83964
3295 83664
3296 83582
3297 83746
3298 83446
3299 83030
3300 82618
3301 82422
3302 82492
3303 82798
3304 82298
3305 81602
3306 81698
3307 81552
3308 81496
3309 81326
3310 81306
3311 80862
3312 80702
3313 80534
3314 80450
3315 80020
3316 80120
3317 79658
3318 79648
3319 79676
3320 79106
3321 79254
3322 79180
3323 78838
3324 78592
3325 78568
3326 78076
3327 77822
3328 78008
3329 77746
3330 77600
3331 77168
3332 77296
3333 77346
3334 76686
3335 76660
3336 76970
3337 76336
3338 75852
3339 76144
3340 75790
3341 75714
3342 75070
3343 75132
3344 75198
3345 74882
3346 74754
3347 74462
3348 74196
3349 73808
3350 73890
3351 73760
3352 73566
3353 73292
3354 73280
3355 73584
3356 73040
3357 72918
3358 72728
3359 72542
3360 72540
3361 72422
3362 72224
3363 72076
3364 71758
3365 71418
3366 71490
3367 71260
3368 71166
3369 70896
3370 70792
3371 70570
3372 70656
3373 70396
3374 70366
3375 70382
3376 69766
3377 69490
3378 69536
3379 69482
3380 69150
3381 68942
3382 68838
3383 68762
3384 68684
3385 68466
3386 68496
3387 68212
3388 68086
3389 67926
3390 67834
3391 67264
3392 67262
3393 67220
3394 66988
3395 66716
3396 66616
3397 66522
3398 66612
3399 66306
3400 66216
3401 66162
3402 65862
3403 65840
3404 65632
3405 65148
3406 65342
3407 65390
3408 65126
3409 64856
3410 64798
3411 64618
3412 64582
3413 64648
3414 64040
3415 63766
3416 63796
3417 63538
3418 63278
3419 63466
3420 63354
3421 62968
3422 62510
3423 62496
3424 62482
3425 62398
3426 62114
3427 62158
3428 61872
3429 61634
3430 61622
3431 61564
3432 61724
3433 61128
3434 60928
3435 60690
3436 60504
3437 60284
3438 60368
3439 59974
3440 60260
3441 60140
3442 59744
3443 59738
3444 59810
3445 59314
3446 59084
3447 59178
3448 58966
3449 58644
3450 58714
3451 58284
3452 58204
3453 58258
3454 58084
3455 58158
3456 57820
3457 57698
3458 57670
3459 57618
3460 57016
3461 57028
3462 56954
3463 56756
3464 56950
3465 56454
3466 56260
3467 55966
3468 55720
3469 55870
3470 55958
3471 55828
3472 55480
3473 55140
3474 55302
3475 55002
3476 55236
3477 55002
3478 54738
3479 54816
3480 54394
3481 54174
3482 54490
3483 53998
3484 54020
3485 54034
3486 53444
3487 53304
3488 53388
3489 53092
3490 53250
3491 52908
3492 52752
3493 52746
3494 52624
3495 52280
3496 52470
3497 52170
3498 52244
3499 51378
3500 51664
3501 51404
3502 51484
3503 51386
3504 51406
3505 50902
3506 50924
3507 50988
3508 50614
3509 50596
3510 50164
3511 50240
3512 50642
3513 50256
3514 49814
3515 49872
3516 49858
3517 49696
3518 49430
3519 49224
3520 48878
3521 49228
3522 49316
3523 49008
3524 48856
3525 48672
3526 48452
3527 48534
3528 48186
3529 47978
3530 48010
3531 47928
3532 47426
3533 47614
3534 47248
3535 47076
3536 47184
3537 47202
3538 47002
3539 46984
3540 46896
3541 46540
3542 46346
3543 46434
3544 46238
3545 46466
3546 46006
3547 45878
3548 45890
3549 45714
3550 45706
3551 45338
3552 45224
3553 45072
3554 45062
3555 45032
3556 44800
3557 44852
3558 44608
3559 44474
3560 44348
3561 43902
3562 44210
3563 43898
3564 43538
3565 43826
3566 43490
3567 43504
3568 43194
3569 43070
3570 43228
3571 42972
3572 42884
3573 42812
3574 42640
3575 42454
3576 42354
3577 42236
3578 42072
3579 42198
3580 41964
3581 41630
3582 41612
3583 41330
3584 41446
3585 41094
3586 40994
3587 41082
3588 40658
3589 40752
3590 40266
3591 40230
3592 40350
3593 40180
3594 39776
3595 40064
3596 39812
3597 39910
3598 39728
3599 39396
3600 39388
3601 39054
3602 39096
3603 39138
3604 38736
3605 38780
3606 38812
3607 38518
3608 38562
3609 38312
3610 38484
3611 38126
3612 37980
3613 38110
3614 38114
3615 37848
3616 37722
3617 37396
3618 37494
3619 37448
3620 37306
3621 37234
3622 36914
3623 36926
3624 36782
3625 36620
3626 36572
3627 36562
3628 36344
3629 36336
3630 36358
3631 36226
3632 36200
3633 35810
3634 35770
3635 35650
3636 35606
3637 35700
3638 35340
3639 35232
3640 35266
3641 35078
3642 34984
3643 34872
3644 34604
3645 34744
3646 34624
3647 34378
3648 34226
3649 34262
3650 34158
3651 34110
3652 34010
3653 33820
3654 33690
3655 33484
3656 33630
3657 33304
3658 33414
3659 33218
3660 32924
3661 32970
3662 32928
3663 32908
3664 32712
3665 32584
3666 32388
3667 32402
3668 32456
3669 32280
3670 32096
3671 32068
3672 32062
3673 31760
3674 31970
3675 31526
3676 31736
3677 31576
3678 31362
3679 31360
3680 31232
3681 31330
3682 31092
3683 31042
3684 31032
3685 30876
3686 30648
3687 30874
3688 30832
3689 30502
3690 30318
3691 30392
3692 30214
3693 30310
3694 30174
3695 29970
3696 29952
3697 29802
3698 29828
3699 29692
3700 29682
3701 29366
3702 29408
3703 29020
3704 29092
3705 29170
3706 29092
3707 29120
3708 28792
3709 28852
3710 28764
3711 28556
3712 28484
3713 28432
3714 28404
3715 28170
3716 28322
3717 28078
3718 27910
3719 27898
3720 27986
3721 27804
3722 27804
3723 27734
3724 27686
3725 27506
3726 27410
3727 27238
3728 27114
3729 27076
3730 27080
3731 26776
3732 26868
3733 26654
3734 26674
3735 26470
3736 26560
3737 26440
3738 26558
3739 26308
3740 26274
3741 26024
3742 26236
3743 25972
3744 25898
3745 25790
3746 25644
3747 25628
3748 25494
3749 25520
3750 25364
3751 25260
3752 25272
3753 25194
3754 25116
3755 25008
3756 24938
3757 25002
3758 24858
3759 24664
3760 24608
3761 24416
3762 24416
3763 24240
3764 24366
3765 24238
3766 24392
3767 24252
3768 24114
3769 23812
3770 23764
3771 23776
3772 23564
3773 23530
3774 23618
3775 23486
3776 23276
3777 23330
3778 23402
3779 23214
3780 23132
3781 23144
3782 22908
3783 22856
3784 22852
3785 22778
3786 22714
3787 22734
3788 22556
3789 22486
3790 22514
3791 22564
3792 22446
3793 22198
3794 22166
3795 22200
3796 22104
3797 22000
3798 21932
3799 22002
3800 21958
3801 21914
3802 21732
3803 21462
3804 21588
3805 21552
3806 21470
3807 21400
3808 21412
3809 21148
3810 21094
3811 21168
3812 21116
3813 21156
3814 21098
3815 20910
3816 20906
3817 20880
3818 20722
3819 20582
3820 20710
3821 20700
3822 20406
3823 20374
3824 20598
3825 20402
3826 20292
3827 20210
3828 20272
3829 20170
3830 20182
3831 20106
3832 20018
3833 19886
3834 20092
3835 19920
3836 19770
3837 19798
3838 19712
3839 19650
3840 19588
3841 19528
3842 19536
3843 19402
3844 19348
3845 19282
3846 19294
3847 19024
3848 19222
3849 19010
3850 18952
3851 18884
3852 18754
3853 18686
3854 18742
3855 18708
3856 18640
3857 18586
3858 18440
3859 18308
3860 18344
3861 18352
3862 18010
3863 18216
3864 18176
3865 18086
3866 18158
3867 17942
3868 17872
3869 17906
3870 17710
3871 17772
3872 17650
3873 17596
3874 17622
3875 17482
3876 17490
3877 17522
3878 17352
3879 17298
3880 17194
3881 17024
3882 17030
3883 17002
3884 16984
3885 16956
3886 16860
3887 16810
3888 16682
3889 16794
3890 16680
3891 16662
3892 16594
3893 16472
3894 16412
3895 16324
3896 16312
3897 16228
3898 16224
3899 15958
3900 16038
3901 16002
3902 15884
3903 15952
3904 15854
3905 15656
3906 15582
3907 15704
3908 15752
3909 15554
3910 15468
3911 15358
3912 15312
3913 15264
3914 15240
3915 15132
3916 15130
3917 15120
3918 14980
3919 14966
3920 15060
3921 14876
3922 14886
3923 14878
3924 14900
3925 14702
3926 14842
3927 14604
3928 14574
3929 14672
3930 14522
3931 14492
3932 14478
3933 14482
3934 14436
3935 14332
3936 14086
3937 14168
3938 14042
3939 14132
3940 14120
3941 14122
3942 14048
3943 14000
3944 13952
3945 13922
3946 13844
3947 13752
3948 13734
3949 13704
3950 13700
3951 13538
3952 13598
3953 13516
3954 13496
3955 13450
3956 13440
3957 13430
3958 13356
3959 13440
3960 13330
3961 13236
3962 13240
3963 13162
3964 13066
3965 13048
3966 12996
3967 13070
3968 12892
3969 12708
3970 12874
3971 12830
3972 12826
3973 12814
3974 12702
3975 12714
3976 12568
3977 12514
3978 12340
3979 12362
3980 12428
3981 12462
3982 12402
3983 12188
3984 12206
3985 12164
3986 12160
3987 11966
3988 12000
3989 11910
3990 11860
3991 11940
3992 11908
3993 11830
3994 11722
3995 11846
3996 11616
3997 11616
3998 11690
3999 11620
4000 11512
4001 11442
4002 11384
4003 11422
4004 11326
4005 11220
4006 11260
4007 11082
4008 11122
4009 10966
4010 10940
4011 10964
4012 10868
4013 10886
4014 10888
4015 10816
4016 10846
4017 10658
4018 10548
4019 10608
4020 10560
4021 10456
4022 10450
4023 10342
4024 10364
4025 10392
4026 10314
4027 10288
4028 10288
4029 10150
4030 10288
4031 10096
4032 10084
4033 10030
4034 10036
4035 9952
4036 9944
4037 9908
4038 9930
4039 9886
4040 9810
4041 9840
4042 9772
4043 9760
4044 9656
4045 9606
4046 9660
4047 9528
4048 9470
4049 9556
4050 9366
4051 9380
4052 9422
4053 9338
4054 9310
4055 9320
4056 9286
4057 9224
4058 9128
4059 9152
4060 9032
4061 8934
4062 8936
4063 9038
4064 8912
4065 8844
4066 8804
4067 8820
4068 8778
4069 8700
4070 8698
4071 8580
4072 8612
4073 8452
4074 8538
4075 8490
4076 8358
4077 8472
4078 8350
4079 8238
4080 8248
4081 8222
4082 8236
4083 8158
4084 8146
4085 8160
4086 8072
4087 7908
4088 8002
4089 8004
4090 7952
4091 7798
4092 7856
4093 7868
4094 7826
4095 7734
4096 7740
4097 7696
4098 7558
4099 7636
4100 7548
4101 7486
4102 7506
4103 7328
4104 7390
4105 7346
4106 7346
4107 7282
4108 7236
4109 7132
4110 7176
4111 7140
4112 7052
4113 7074
4114 6958
4115 6912
4116 6840
4117 6842
4118 6786
4119 6740
4120 6696
4121 6640
4122 6642
4123 6692
4124 6528
4125 6498
4126 6512
4127 6380
4128 6444
4129 6396
4130 6322
4131 6326
4132 6276
4133 6230
4134 6206
4135 6178
4136 6108
4137 6184
4138 6082
4139 6000
4140 5980
4141 5916
4142 5868
4143 5882
4144 5898
4145 5854
4146 5692
4147 5804
4148 5690
4149 5658
4150 5600
4151 5492
4152 5544
4153 5440
4154 5508
4155 5504
4156 5422
4157 5366
4158 5346
4159 5332
4160 5304
4161 5266
4162 5244
4163 5138
4164 5186
4165 5092
4166 5148
4167 5052
4168 5008
4169 4970
4170 4950
4171 4950
4172 4932
4173 4886
4174 4804
4175 4786
4176 4804
4177 4682
4178 4726
4179 4654
4180 4638
4181 4602
4182 4584
4183 4564
4184 4520
4185 4550
4186 4512
4187 4510
4188 4420
4189 4410
4190 4368
4191 4324
4192 4354
4193 4274
4194 4252
4195 4210
4196 4224
4197 4184
4198 4146
4199 4176
4200 4138
4201 4144
4202 4124
4203 4088
4204 3998
4205 3972
4206 3996
4207 3920
4208 3888
4209 3874
4210 3840
4211 3836
4212 3818
4213 3788
4214 3756
4215 3756
4216 3714
4217 3684
4218 3674
4219 3642
4220 3624
4221 3624
4222 3550
4223 3530
4224 3568
4225 3542
4226 3534
4227 3488
4228 3506
4229 3472
4230 3480
4231 3422
4232 3404
4233 3442
4234 3362
4235 3410
4236 3378
4237 3352
4238 3292
4239 3276
4240 3296
4241 3292
4242 3298
4243 3228
4244 3218
4245 3162
4246 3252
4247 3200
4248 3196
4249 3146
4250 3146
4251 3168
4252 3096
4253 3112
4254 3074
4255 3070
4256 3096
4257 3074
4258 3050
4259 3060
4260 3056
4261 3052
4262 2990
4263 3008
4264 3060
4265 3024
4266 3028
4267 3020
4268 3010
4269 2972
4270 2966
4271 2934
4272 2970
4273 2958
4274 2994
4275 2956
4276 2912
4277 2954
4278 2968
4279 2968
4280 2898
4281 2924
4282 2934
4283 2912
4284 2924
4285 2906
4286 2924
4287 2942
4288 2928
4289 2898
4290 2876
4291 2854
4292 2870
4293 2886
4294 2866
4295 2896
4296 2856
4297 2860
4298 2860
4299 2866
4300 2870
4301 2852
4302 2830
4303 2858
4304 2796
4305 2852
4306 2804
4307 2838
4308 2808
4309 2776
4310 2808
4311 2768
4312 2772
4313 2790
4314 2768
4315 2788
4316 2796
4317 2784
4318 2734
4319 2806
4320 2764
4321 2770
4322 2754
4323 2714
4324 2750
4325 2780
4326 2782
4327 2760
4328 2716
4329 2780
4330 2736
4331 2722
4332 2708
4333 2708
4334 2730
4335 2708
4336 2742
4337 2656
4338 2702
4339 2670
4340 2694
4341 2670
4342 2662
4343 2678
4344 2664
4345 2628
4346 2642
4347 2692
4348 2668
4349 2652
4350 2660
4351 2636
4352 2672
4353 2642
4354 2670
4355 2590
4356 2670
4357 2612
4358 2668
4359 2620
4360 2626
4361 2610
4362 2600
4363 2610
4364 2584
4365 2592
4366 2590
4367 2588
4368 2586
4369 2574
4370 2530
4371 2546
4372 2540
4373 2534
4374 2520
4375 2506
4376 2542
4377 2532
4378 2532
4379 2516
4380 2556
4381 2498
4382 2544
4383 2532
4384 2498
4385 2500
4386 2502
4387 2492
4388 2502
4389 2490
4390 2454
4391 2492
4392 2444
4393 2458
4394 2422
4395 2470
4396 2440
4397 2428
4398 2408
4399 2448
4400 2438
4401 2442
4402 2422
4403 2392
4404 2406
4405 2446
4406 2410
4407 2376
4408 2434
4409 2398
4410 2396
4411 2356
4412 2350
4413 2362
4414 2352
4415 2432
4416 2360
4417 2350
4418 2372
4419 2318
4420 2354
4421 2342
4422 2352
4423 2338
4424 2316
4425 2310
4426 2324
4427 2318
4428 2312
4429 2300
4430 2310
4431 2312
4432 2300
4433 2298
4434 2280
4435 2268
4436 2274
4437 2276
4438 2272
4439 2266
4440 2282
4441 2252
4442 2248
4443 2220
4444 2240
4445 2232
4446 2212
4447 2246
4448 2244
4449 2244
4450 2202
4451 2206
4452 2228
4453 2194
4454 2214
4455 2200
4456 2202
4457 2212
4458 2178
4459 2184
4460 2188
4461 2190
4462 2198
4463 2174
4464 2180
4465 2188
4466 2140
4467 2162
4468 2168
4469 2148
4470 2130
4471 2124
4472 2156
4473 2114
4474 2138
4475 2114
4476 2132
4477 2112
4478 2128
4479 2112
4480 2108
4481 2134
4482 2082
4483 2092
4484 2110
4485 2094
4486 2118
4487 2096
4488 2090
4489 2070
4490 2066
4491 2086
4492 2026
4493 2064
4494 2034
4495 2056
4496 2028
4497 2002
4498 2022
4499 2010
4500 2008
4501 2024
4502 2018
4503 2032
4504 1998
4505 2018
4506 1990
4507 2008
4508 1992
4509 2004
4510 1998
4511 1968
4512 1974
4513 1972
4514 1964
4515 1940
4516 1978
4517 1956
4518 1948
4519 1910
4520 1960
4521 1930
4522 1942
4523 1914
4524 1940
4525 1916
4526 1932
4527 1902
4528 1902
4529 1898
4530 1880
4531 1890
4532 1854
4533 1888
4534 1868
4535 1884
4536 1852
4537 1868
4538 1850
4539 1818
4540 1842
4541 1866
4542 1846
4543 1822
4544 1856
4545 1814
4546 1808
4547 1814
4548 1816
4549 1780
4550 1780
4551 1794
4552 1776
4553 1798
4554 1772
4555 1808
4556 1750
4557 1794
4558 1776
4559 1780
4560 1788
4561 1752
4562 1768
4563 1730
4564 1778
4565 1710
4566 1738
4567 1736
4568 1722
4569 1722
4570 1726
4571 1694
4572 1692
4573 1714
4574 1702
4575 1684
4576 1688
4577 1708
4578 1686
4579 1696
4580 1676
4581 1704
4582 1710
4583 1666
4584 1674
4585 1654
4586 1680
4587 1664
4588 1656
4589 1688
4590 1668
4591 1648
4592 1680
4593 1636
4594 1642
4595 1654
4596 1654
4597 1634
4598 1632
4599 1646
4600 1618
4601 1610
4602 1588
4603 1596
4604 1586
4605 1586
4606 1590
4607 1554
4608 1600
4609 1584
4610 1548
4611 1572
4612 1548
4613 1570
4614 1552
4615 1552
4616 1546
4617 1542
4618 1544
4619 1532
4620 1528
4621 1552
4622 1530
4623 1524
4624 1492
4625 1524
4626 1532
4627 1514
4628 1514
4629 1504
4630 1518
4631 1504
4632 1482
4633 1466
4634 1484
4635 1488
4636 1472
4637 1478
4638 1470
4639 1474
4640 1444
4641 1450
4642 1464
4643 1436
4644 1456
4645 1414
4646 1412
4647 1440
4648 1404
4649 1422
4650 1388
4651 1414
4652 1406
4653 1408
4654 1414
4655 1384
4656 1386
4657 1374
4658 1386
4659 1370
4660 1370
4661 1382
4662 1354
4663 1358
4664 1328
4665 1352
4666 1346
4667 1336
4668 1352
4669 1348
4670 1336
4671 1326
4672 1312
4673 1324
4674 1296
4675 1346
4676 1304
4677 1314
4678 1282
4679 1288
4680 1278
4681 1254
4682 1316
4683 1278
4684 1262
4685 1282
4686 1272
4687 1260
4688 1248
4689 1262
4690 1256
4691 1246
4692 1268
4693 1230
4694 1260
4695 1226
4696 1216
4697 1212
4698 1214
4699 1212
4700 1198
4701 1208
4702 1222
4703 1178
4704 1186
4705 1168
4706 1202
4707 1174
4708 1184
4709 1168
4710 1186
4711 1176
4712 1154
4713 1176
4714 1158
4715 1160
4716 1138
4717 1148
4718 1134
4719 1150
4720 1132
4721 1138
4722 1136
4723 1144
4724 1124
4725 1102
4726 1126
4727 1106
4728 1112
4729 1086
4730 1086
4731 1082
4732 1086
4733 1086
4734 1074
4735 1066
4736 1064
4737 1062
4738 1048
4739 1052
4740 1068
4741 1044
4742 1048
4743 1040
4744 1048
4745 1026
4746 1034
4747 1034
4748 1024
4749 1028
4750 1020
4751 998
4752 1034
4753 988
4754 1038
4755 994
4756 1016
4757 998
4758 986
4759 1000
4760 960
4761 996
4762 968
4763 976
4764 946
4765 962
4766 936
4767 926
4768 942
4769 934
4770 956
4771 918
4772 934
4773 902
4774 930
4775 904
4776 916
4777 916
4778 898
4779 912
4780 904
4781 902
4782 864
4783 890
4784 870
4785 864
4786 876
4787 876
4788 898
4789 862
4790 870
4791 884
4792 850
4793 858
4794 828
4795 854
4796 856
4797 836
4798 826
4799 814
4800 816
4801 808
4802 822
4803 806
4804 792
4805 814
4806 814
4807 814
4808 802
4809 806
4810 790
4811 782
4812 800
4813 776
4814 766
4815 780
4816 784
4817 760
4818 786
4819 752
4820 772
4821 760
4822 752
4823 738
4824 752
4825 744
4826 728
4827 752
4828 742
4829 720
4830 718
4831 710
4832 696
4833 682
4834 716
4835 692
4836 690
4837 676
4838 690
4839 690
4840 686
4841 686
4842 662
4843 688
4844 662
4845 664
4846 648
4847 660
4848 650
4849 652
4850 628
4851 632
4852 628
4853 632
4854 608
4855 616
4856 618
4857 628
4858 590
4859 614
4860 598
4861 586
4862 598
4863 592
4864 586
4865 562
4866 556
4867 566
4868 550
4869 538
4870 548
4871 538
4872 542
4873 532
4874 532
4875 536
4876 516
4877 504
4878 496
4879 510
4880 494
4881 496
4882 500
4883 486
4884 482
4885 482
4886 504
4887 456
4888 478
4889 470
4890 468
4891 478
4892 454
4893 450
4894 424
4895 454
4896 422
4897 422
4898 416
4899 406
4900 404
4901 418
4902 394
4903 404
4904 398
4905 386
4906 374
4907 386
4908 386
4909 366
4910 370
4911 366
4912 370
4913 360
4914 372
4915 360
4916 354
4917 346
4918 346
4919 336
4920 342
4921 334
4922 332
4923 326
4924 322
4925 324
4926 302
4927 308
4928 306
4929 280
4930 294
4931 266
4932 286
4933 260
4934 284
4935 258
4936 270
4937 252
4938 254
4939 238
4940 242
4941 242
4942 236
4943 232
4944 220
4945 214
4946 210
4947 210
4948 198
4949 198
4950 196
4951 194
4952 192
4953 182
4954 180
4955 170
4956 170
4957 162
4958 158
4959 158
4960 154
4961 156
4962 150
4963 142
4964 138
4965 136
4966 132
4967 132
4968 130
4969 134
4970 122
4971 124
4972 112
4973 110
4974 102
4975 100
4976 102
4977 98
4978 102
4979 92
4980 94
4981 84
4982 82
4983 76
4984 72
4985 74
4986 70
4987 68
4988 68
4989 62
4990 58
4991 50
4992 48
4993 46
4994 38
4995 38
4996 30
4997 30
4998 22
4999 18
5000 10
5001 8
5002 4
5003 2
5004 0
5005 0
5006 0
5007 0
5008 0
5009 0
5010 0
5011 0
5012 0
5013 0
5014 0
5015 0
5016 0
5017 0
5018 0
5019 0
5020 0
5021 0
5022 0
5023 0
5024 0
5025 0
5026 0
5027 0
5028 0
5029 0
5030 0
5031 0
5032 0
5033 0
5034 0
5035 0
5036 0
5037 0
5038 0
5039 0
5040 0
5041 0
5042 0
5043 0
5044 0
5045 0
5046 0
5047 0
5048 0
5049 0
5050 0
5051 0
5052 0
5053 0
5054 0
5055 0
5056 0
5057 0
5058 0
5059 0
5060 0
5061 0
5062 0
5063 0
5064 0
5065 0
5066 0
5067 0
5068 0
5069 0
5070 0
5071 0
5072 0
5073 0
5074 0
5075 0
5076 0
5077 0
5078 0
5079 0
5080 0
5081 0
5082 0
5083 0
5084 0
5085 0
5086 0
5087 0
5088 0
5089 0
5090 0
5091 0
5092 0
5093 0
5094 0
5095 0
5096 0
5097 0
5098 0
5099 0
5100 0
5101 0
5102 0
5103 0
5104 0
5105 0
5106 0
5107 0
5108 0
5109 0
5110 0
5111 0
5112 0
5113 0
5114 0
5115 0
5116 0
5117 0
5118 0
5119 0
5120 0
5121 0
5122 0
5123 0
5124 0
5125 0
5126 0
5127 0
5128 0
5129 0
5130 0
5131 0
5132 0
5133 0
5134 0
5135 0
5136 0
5137 0
5138 0
5139 0
5140 0
5141 0
5142 0
5143 0
5144 0
5145 0
5146 0
5147 0
5148 0
5149 0
5150 0
5151 0
5152 0
5153 0
5154 0
5155 0
5156 0
5157 0
5158 0
5159 0
5160 0
5161 0
5162 0
5163 0
5164 0
5165 0
5166 0
5167 0
5168 0
5169 0
5170 0
5171 0
5172 0
5173 0
5174 0
5175 0
5176 0
5177 0
5178 0
5179 0
5180 0
5181 0
5182 0
5183 0
5184 0
5185 0
5186 0
5187 0
5188 0
5189 0
5190 0
5191 0
5192 0
5193 0
5194 0
5195 0
5196 0
5197 0
5198 0
5199 0
5200 0
5201 0
5202 0
5203 0
5204 0
5205 0
5206 0
5207 0
5208 0
5209 0
5210 0
5211 0
5212 0
5213 0
5214 0
5215 0
5216 0
5217 0
5218 0
5219 0
5220 0
5221 0
5222 0
5223 0
5224 0
5225 0
5226 0
5227 0
5228 0
5229 0
5230 0
5231 0
5232 0
5233 0
5234 0
5235 0
5236 0
5237 0
5238 0
5239 0
5240 0
5241 0
5242 0
5243 0
5244 0
5245 0
5246 0
5247 0
5248 0
5249 0
5250 0
5251 0
5252 0
5253 0
5254 0
5255 0
5256 0
5257 0
5258 0
5259 0
5260 0
5261 0
5262 0
5263 0
5264 0
5265 0
5266 0
5267 0
5268 0
5269 0
5270 0
5271 0
5272 0
5273 0
5274 0
5275 0
5276 0
5277 0
5278 0
5279 0
5280 0
5281 0
5282 0
5283 0
5284 0
5285 0
5286 0
5287 0
5288 0
5289 0
5290 0
5291 0
5292 0
5293 0
5294 0
5295 0
5296 0
5297 0
5298 0
5299 0
5300 0
5301 0
5302 0
5303 0
5304 0
5305 0
5306 0
5307 0
5308 0
5309 0
5310 0
5311 0
5312 0
5313 0
5314 0
5315 0
5316 0
5317 0
5318 0
5319 0
5320 0
5321 0
5322 0
5323 0
5324 0
5325 0
5326 0
5327 0
5328 0
5329 0
5330 0
5331 0
5332 0
5333 0
5334 0
5335 0
5336 0
5337 0
5338 0
5339 0
5340 0
5341 0
5342 0
5343 0
5344 0
5345 0
5346 0
5347 0
5348 0
5349 0
5350 0
5351 0
5352 0
5353 0
5354 0
5355 0
5356 0
5357 0
5358 0
5359 0
5360 0
5361 0
5362 0
5363 0
5364 0
5365 0
5366 0
5367 0
5368 0
5369 0
5370 0
5371 0
5372 0
5373 0
5374 0
5375 0
5376 0
5377 0
5378 0
5379 0
5380 0
5381 0
5382 0
5383 0
5384 0
5385 0
5386 0
5387 0
5388 0
5389 0
5390 0
5391 0
5392 0
5393 0
5394 0
5395 0
5396 0
5397 0
5398 0
5399 0
5400 0
5401 0
5402 0
5403 0
5404 0
5405 0
5406 0
5407 0
5408 0
5409 0
5410 0
5411 0
5412 0
5413 0
5414 0
5415 0
5416 0
5417 0
5418 0
5419 0
5420 0
5421 0
5422 0
5423 0
5424 0
5425 0
5426 0
5427 0
5428 0
5429 0
5430 0
5431 0
5432 0
5433 0
5434 0
5435 0
5436 0
5437 0
5438 0
5439 0
5440 0
5441 0
5442 0
5443 0
5444 0
5445 0
5446 0
5447 0
5448 0
5449 0
5450 0
5451 0
5452 0
5453 0
5454 0
5455 0
5456 0
5457 0
5458 0
5459 0
5460 0
5461 0
5462 0
5463 0
5464 0
5465 0
5466 0
5467 0
5468 0
5469 0
5470 0
5471 0
5472 0
5473 0
5474 0
5475 0
5476 0
5477 0
5478 0
5479 0
5480 0
5481 0
5482 0
5483 0
5484 0
5485 0
5486 0
5487 0
5488 0
5489 0
5490 0
5491 0
5492 0
5493 0
5494 0
5495 0
5496 0
5497 0
5498 0
5499 0
5500 0
5501 0
5502 0
5503 0
5504 0
5505 0
5506 0
5507 0
5508 0
5509 0
5510 0
5511 0
5512 0
5513 0
5514 0
5515 0
5516 0
5517 0
5518 0
5519 0
5520 0
5521 0
5522 0
5523 0
5524 0
5525 0
5526 0
5527 0
5528 0
5529 0
5530 0
5531 0
5532 0
5533 0
5534 0
5535 0
5536 0
5537 0
5538 0
5539 0
5540 0
5541 0
5542 0
5543 0
5544 0
5545 0
5546 0
5547 0
5548 0
5549 0
5550 0
5551 0
5552 0
5553 0
5554 0
5555 0
5556 0
5557 0
5558 0
5559 0
5560 0
5561 0
5562 0
5563 0
5564 0
5565 0
5566 0
5567 0
5568 0
5569 0
5570 0
5571 0
5572 0
5573 0
5574 0
5575 0
5576 0
5577 0
5578 0
5579 0
5580 0
5581 0
5582 0
5583 0
5584 0
5585 0
5586 0
5587 0
5588 0
5589 0
5590 0
5591 0
5592 0
5593 0
5594 0
5595 0
5596 0
5597 0
5598 0
5599 0
5600 0
5601 0
5602 0
5603 0
5604 0
5605 0
5606 0
5607 0
5608 0
5609 0
5610 0
5611 0
5612 0
5613 0
5614 0
5615 0
5616 0
5617 0
5618 0
5619 0
5620 0
5621 0
5622 0
5623 0
5624 0
5625 0
5626 0
5627 0
5628 0
5629 0
5630 0
5631 0
5632 0
5633 0
5634 0
5635 0
5636 0
5637 0
5638 0
5639 0
5640 0
5641 0
5642 0
5643 0
5644 0
5645 0
5646 0
5647 0
5648 0
5649 0
5650 0
5651 0
5652 0
5653 0
5654 0
5655 0
5656 0
5657 0
5658 0
5659 0
5660 0
5661 0
5662 0
5663 0
5664 0
5665 0
5666 0
5667 0
5668 0
5669 0
5670 0
5671 0
5672 0
5673 0
5674 0
5675 0
5676 0
5677 0
5678 0
5679 0
5680 0
5681 0
5682 0
5683 0
5684 0
5685 0
5686 0
5687 0
5688 0
5689 0
5690 0
5691 0
5692 0
5693 0
5694 0
5695 0
5696 0
5697 0
5698 0
5699 0
5700 0
5701 0
5702 0
5703 0
5704 0
5705 0
5706 0
5707 0
5708 0
5709 0
5710 0
5711 0
5712 0
5713 0
5714 0
5715 0
5716 0
5717 0
5718 0
5719 0
5720 0
5721 0
5722 0
5723 0
5724 0
5725 0
5726 0
5727 0
5728 0
5729 0
5730 0
5731 0
5732 0
5733 0
5734 0
5735 0
5736 0
5737 0
5738 0
5739 0
5740 0
5741 0
5742 0
5743 0
5744 0
5745 0
5746 0
5747 0
5748 0
5749 0
5750 0
5751 0
5752 0
5753 0
5754 0
5755 0
5756 0
5757 0
5758 0
5759 0
5760 0
5761 0
5762 0
5763 0
5764 0
5765 0
5766 0
5767 0
5768 0
5769 0
5770 0
5771 0
5772 0
5773 0
5774 0
5775 0
5776 0
5777 0
5778 0
5779 0
5780 0
5781 0
5782 0
5783 0
5784 0
5785 0
5786 0
5787 0
5788 0
5789 0
5790 0
5791 0
5792 0
5793 0
5794 0
5795 0
5796 0
5797 0
5798 0
5799 0
5800 0
5801 0
5802 0
5803 0
5804 0
5805 0
5806 0
5807 0
5808 0
5809 0
5810 0
5811 0
5812 0
5813 0
5814 0
5815 0
5816 0
5817 0
5818 0
5819 0
5820 0
5821 0
5822 0
5823 0
5824 0
5825 0
5826 0
5827 0
5828 0
5829 0
5830 0
5831 0
5832 0
5833 0
5834 0
5835 0
5836 0
5837 0
5838 0
5839 0
5840 0
5841 0
5842 0
5843 0
5844 0
5845 0
5846 0
5847 0
5848 0
5849 0
5850 0
5851 0
5852 0
5853 0
5854 0
5855 0
5856 0
5857 0
5858 0
5859 0
5860 0
5861 0
5862 0
5863 0
5864 0
5865 0
5866 0
5867 0
5868 0
5869 0
5870 0
5871 0
5872 0
5873 0
5874 0
5875 0
5876 0
5877 0
5878 0
5879 0
5880 0
5881 0
5882 0
5883 0
5884 0
5885 0
5886 0
5887 0
5888 0
5889 0
5890 0
5891 0
5892 0
5893 0
5894 0
5895 0
5896 0
5897 0
5898 0
5899 0
5900 0
5901 0
5902 0
5903 0
5904 0
5905 0
5906 0
5907 0
5908 0
5909 0
5910 0
5911 0
5912 0
5913 0
5914 0
5915 0
5916 0
5917 0
5918 0
5919 0
5920 0
5921 0
5922 0
5923 0
5924 0
5925 0
5926 0
5927 0
5928 0
5929 0
5930 0
5931 0
5932 0
5933 0
5934 0
5935 0
5936 0
5937 0
5938 0
5939 0
5940 0
5941 0
5942 0
5943 0
5944 0
5945 0
5946 0
5947 0
5948 0
5949 0
5950 0
5951 0
5952 0
5953 0
5954 0
5955 0
5956 0
5957 0
5958 0
5959 0
5960 0
5961 0
5962 0
5963 0
5964 0
5965 0
5966 0
5967 0
5968 0
5969 0
5970 0
5971 0
5972 0
5973 0
5974 0
5975 0
5976 0
5977 0
5978 0
5979 0
5980 0
5981 0
5982 0
5983 0
5984 0
5985 0
5986 0
5987 0
5988 0
5989 0
5990 0
5991 0
5992 0
5993 0
5994 0
5995 0
5996 0
5997 0
5998 0
5999 0
6000 0
6001 0
6002 0
6003 0
6004 0
6005 0
6006 0
6007 0
6008 0
6009 0
6010 0
6011 0
6012 0
6013 0
6014 0
6015 0
6016 0
6017 0
6018 0
6019 0
6020 0
6021 0
6022 0
6023 0
6024 0
6025 0
6026 0
6027 0
6028 0
6029 0
6030 0
6031 0
6032 0
6033 0
6034 0
6035 0
6036 0
6037 0
6038 0
6039 0
6040 0
6041 0
6042 0
6043 0
6044 0
6045 0
6046 0
6047 0
6048 0
6049 0
6050 0
6051 0
6052 0
6053 0
6054 0
6055 0
6056 0
6057 0
6058 0
6059 0
6060 0
6061 0
6062 0
6063 0
6064 0
6065 0
6066 0
6067 0
6068 0
6069 0
6070 0
6071 0
6072 0
6073 0
6074 0
6075 0
6076 0
6077 0
6078 0
6079 0
6080 0
6081 0
6082 0
6083 0
6084 0
6085 0
6086 0
6087 0
6088 0
6089 0
6090 0
6091 0
6092 0
6093 0
6094 0
6095 0
6096 0
6097 0
6098 0
6099 0
6100 0
6101 0
6102 0
6103 0
6104 0
6105 0
6106 0
6107 0
6108 0
6109 0
6110 0
6111 0
6112 0
6113 0
6114 0
6115 0
6116 0
6117 0
6118 0
6119 0
6120 0
6121 0
6122 0
6123 0
6124 0
6125 0
6126 0
6127 0
6128 0
6129 0
6130 0
6131 0
6132 0
6133 0
6134 0
6135 0
6136 0
6137 0
6138 0
6139 0
6140 0
6141 0
6142 0
6143 0
6144 0
6145 0
6146 0
6147 0
6148 0
6149 0
6150 0
6151 0
6152 0
6153 0
6154 0
6155 0
6156 0
6157 0
6158 0
6159 0
6160 0
6161 0
6162 0
6163 0
6164 0
6165 0
6166 0
6167 0
6168 0
6169 0
6170 0
6171 0
6172 0
6173 0
6174 0
6175 0
6176 0
6177 0
6178 0
6179 0
6180 0
6181 0
6182 0
6183 0
6184 0
6185 0
6186 0
6187 0
6188 0
6189 0
6190 0
6191 0
6192 0
6193 0
6194 0
6195 0
6196 0
6197 0
6198 0
6199 0
6200 0
6201 0
6202 0
6203 0
6204 0
6205 0
6206 0
6207 0
6208 0
6209 0
6210 0
6211 0
6212 0
6213 0
6214 0
6215 0
6216 0
6217 0
6218 0
6219 0
6220 0
6221 0
6222 0
6223 0
6224 0
6225 0
6226 0
6227 0
6228 0
6229 0
6230 0
6231 0
6232 0
6233 0
6234 0
6235 0
6236 0
6237 0
6238 0
6239 0
6240 0
6241 0
6242 0
6243 0
6244 0
6245 0
6246 0
6247 0
6248 0
6249 0
6250 0
6251 0
6252 0
6253 0
6254 0
6255 0
6256 0
6257 0
6258 0
6259 0
6260 0
6261 0
6262 0
6263 0
6264 0
6265 0
6266 0
6267 0
6268 0
6269 0
6270 0
6271 0
6272 0
6273 0
6274 0
6275 0
6276 0
6277 0
6278 0
6279 0
6280 0
6281 0
6282 0
6283 0
6284 0
6285 0
6286 0
6287 0
6288 0
6289 0
6290 0
6291 0
6292 0
6293 0
6294 0
6295 0
6296 0
6297 0
6298 0
6299 0
6300 0
6301 0
6302 0
6303 0
6304 0
6305 0
6306 0
6307 0
6308 0
6309 0
6310 0
6311 0
6312 0
6313 0
6314 0
6315 0
6316 0
6317 0
6318 0
6319 0
6320 0
6321 0
6322 0
6323 0
6324 0
6325 0
6326 0
6327 0
6328 0
6329 0
6330 0
6331 0
6332 0
6333 0
6334 0
6335 0
6336 0
6337 0
6338 0
6339 0
6340 0
6341 0
6342 0
6343 0
6344 0
6345 0
6346 0
6347 0
6348 0
6349 0
6350 0
6351 0
6352 0
6353 0
6354 0
6355 0
6356 0
6357 0
6358 0
6359 0
6360 0
6361 0
6362 0
6363 0
6364 0
6365 0
6366 0
6367 0
6368 0
6369 0
6370 0
6371 0
6372 0
6373 0
6374 0
6375 0
6376 0
6377 0
6378 0
6379 0
6380 0
6381 0
6382 0
6383 0
6384 0
6385 0
6386 0
6387 0
6388 0
6389 0
6390 0
6391 0
6392 0
6393 0
6394 0
6395 0
6396 0
6397 0
6398 0
6399 0
6400 0
6401 0
6402 0
6403 0
6404 0
6405 0
6406 0
6407 0
6408 0
6409 0
6410 0
6411 0
6412 0
6413 0
6414 0
6415 0
6416 0
6417 0
6418 0
6419 0
6420 0
6421 0
6422 0
6423 0
6424 0
6425 0
6426 0
6427 0
6428 0
6429 0
6430 0
6431 0
6432 0
6433 0
6434 0
6435 0
6436 0
6437 0
6438 0
6439 0
6440 0
6441 0
6442 0
6443 0
6444 0
6445 0
6446 0
6447 0
6448 0
6449 0
6450 0
6451 0
6452 0
6453 0
6454 0
6455 0
6456 0
6457 0
6458 0
6459 0
6460 0
6461 0
6462 0
6463 0
6464 0
6465 0
6466 0
6467 0
6468 0
6469 0
6470 0
6471 0
6472 0
6473 0
6474 0
6475 0
6476 0
6477 0
6478 0
6479 0
6480 0
6481 0
6482 0
6483 0
6484 0
6485 0
6486 0
6487 0
6488 0
6489 0
6490 0
6491 0
6492 0
6493 0
6494 0
6495 0
6496 0
6497 0
6498 0
6499 0
6500 0
6501 0
6502 0
6503 0
6504 0
6505 0
6506 0
6507 0
6508 0
6509 0
6510 0
6511 0
6512 0
6513 0
6514 0
6515 0
6516 0
6517 0
6518 0
6519 0
6520 0
6521 0
6522 0
6523 0
6524 0
6525 0
6526 0
6527 0
6528 0
6529 0
6530 0
6531 0
6532 0
6533 0
6534 0
6535 0
6536 0
6537 0
6538 0
6539 0
6540 0
6541 0
6542 0
6543 0
6544 0
6545 0
6546 0
6547 0
6548 0
6549 0
6550 0
6551 0
6552 0
6553 0
6554 0
6555 0
6556 0
6557 0
6558 0
6559 0
6560 0
6561 0
6562 0
6563 0
6564 0
6565 0
6566 0
6567 0
6568 0
6569 0
6570 0
6571 0
6572 0
6573 0
6574 0
6575 0
6576 0
6577 0
6578 0
6579 0
6580 0
6581 0
6582 0
6583 0
6584 0
6585 0
6586 0
6587 0
6588 0
6589 0
6590 0
6591 0
6592 0
6593 0
6594 0
6595 0
6596 0
6597 0
6598 0
6599 0
6600 0
6601 0
6602 0
6603 0
6604 0
6605 0
6606 0
6607 0
6608 0
6609 0
6610 0
6611 0
6612 0
6613 0
6614 0
6615 0
6616 0
6617 0
6618 0
6619 0
6620 0
6621 0
6622 0
6623 0
6624 0
6625 0
6626 0
6627 0
6628 0
6629 0
6630 0
6631 0
6632 0
6633 0
6634 0
6635 0
6636 0
6637 0
6638 0
6639 0
6640 0
6641 0
6642 0
6643 0
6644 0
6645 0
6646 0
6647 0
6648 0
6649 0
6650 0
6651 0
6652 0
6653 0
6654 0
6655 0
6656 0
6657 0
6658 0
6659 0
6660 0
6661 0
6662 0
6663 0
6664 0
6665 0
6666 0
6667 0
6668 0
6669 0
6670 0
6671 0
6672 0
6673 0
6674 0
6675 0
6676 0
6677 0
6678 0
6679 0
6680 0
6681 0
6682 0
6683 0
6684 0
6685 0
6686 0
6687 0
6688 0
6689 0
6690 0
6691 0
6692 0
6693 0
6694 0
6695 0
6696 0
6697 0
6698 0
6699 0
6700 0
6701 0
6702 0
6703 0
6704 0
6705 0
6706 0
6707 0
6708 0
6709 0
6710 0
6711 0
6712 0
6713 0
6714 0
6715 0
6716 0
6717 0
6718 0
6719 0
6720 0
6721 0
6722 0
6723 0
6724 0
6725 0
6726 0
6727 0
6728 0
6729 0
6730 0
6731 0
6732 0
6733 0
6734 0
6735 0
6736 0
6737 0
6738 0
6739 0
6740 0
6741 0
6742 0
6743 0
6744 0
6745 0
6746 0
6747 0
6748 0
6749 0
6750 0
6751 0
6752 0
6753 0
6754 0
6755 0
6756 0
6757 0
6758 0
6759 0
6760 0
6761 0
6762 0
6763 0
6764 0
6765 0
6766 0
6767 0
6768 0
6769 0
6770 0
6771 0
6772 0
6773 0
6774 0
6775 0
6776 0
6777 0
6778 0
6779 0
6780 0
6781 0
6782 0
6783 0
6784 0
6785 0
6786 0
6787 0
6788 0
6789 0
6790 0
6791 0
6792 0
6793 0
6794 0
6795 0
6796 0
6797 0
6798 0
6799 0
6800 0
6801 0
6802 0
6803 0
6804 0
6805 0
6806 0
6807 0
6808 0
6809 0
6810 0
6811 0
6812 0
6813 0
6814 0
6815 0
6816 0
6817 0
6818 0
6819 0
6820 0
6821 0
6822 0
6823 0
6824 0
6825 0
6826 0
6827 0
6828 0
6829 0
6830 0
6831 0
6832 0
6833 0
6834 0
6835 0
6836 0
6837 0
6838 0
6839 0
6840 0
6841 0
6842 0
6843 0
6844 0
6845 0
6846 0
6847 0
6848 0
6849 0
6850 0
6851 0
6852 0
6853 0
6854 0
6855 0
6856 0
6857 0
6858 0
6859 0
6860 0
6861 0
6862 0
6863 0
6864 0
6865 0
6866 0
6867 0
6868 0
6869 0
6870 0
6871 0
6872 0
6873 0
6874 0
6875 0
6876 0
6877 0
6878 0
6879 0
6880 0
6881 0
6882 0
6883 0
6884 0
6885 0
6886 0
6887 0
6888 0
6889 0
6890 0
6891 0
6892 0
6893 0
6894 0
6895 0
6896 0
6897 0
6898 0
6899 0
6900 0
6901 0
6902 0
6903 0
6904 0
6905 0
6906 0
6907 0
6908 0
6909 0
6910 0
6911 0
6912 0
6913 0
6914 0
6915 0
6916 0
6917 0
6918 0
6919 0
6920 0
6921 0
6922 0
6923 0
6924 0
6925 0
6926 0
6927 0
6928 0
6929 0
6930 0
6931 0
6932 0
6933 0
6934 0
6935 0
6936 0
6937 0
6938 0
6939 0
6940 0
6941 0
6942 0
6943 0
6944 0
6945 0
6946 0
6947 0
6948 0
6949 0
6950 0
6951 0
6952 0
6953 0
6954 0
6955 0
6956 0
6957 0
6958 0
6959 0
6960 0
6961 0
6962 0
6963 0
6964 0
6965 0
6966 0
6967 0
6968 0
6969 0
6970 0
6971 0
6972 0
6973 0
6974 0
6975 0
6976 0
6977 0
6978 0
6979 0
6980 0
6981 0
6982 0
6983 0
6984 0
6985 0
6986 0
6987 0
6988 0
6989 0
6990 0
6991 0
6992 0
6993 0
6994 0
6995 0
6996 0
6997 0
6998 0
6999 0
7000 0
7001 0
7002 0
7003 0
7004 0
7005 0
7006 0
7007 0
7008 0
7009 0
7010 0
7011 0
7012 0
7013 0
7014 0
7015 0
7016 0
7017 0
7018 0
7019 0
7020 0
7021 0
7022 0
7023 0
7024 0
7025 0
7026 0
7027 0
7028 0
7029 0
7030 0
7031 0
7032 0
7033 0
7034 0
7035 0
7036 0
7037 0
7038 0
7039 0
7040 0
7041 0
7042 0
7043 0
7044 0
7045 0
7046 0
7047 0
7048 0
7049 0
7050 0
7051 0
7052 0
7053 0
7054 0
7055 0
7056 0
7057 0
7058 0
7059 0
7060 0
7061 0
7062 0
7063 0
7064 0
7065 0
7066 0
7067 0
7068 0
7069 0
7070 0
7071 0
7072 0
7073 0
7074 0
7075 0
7076 0
7077 0
7078 0
7079 0
7080 0
7081 0
7082 0
7083 0
7084 0
7085 0
7086 0
7087 0
7088 0
7089 0
7090 0
7091 0
7092 0
7093 0
7094 0
7095 0
7096 0
7097 0
7098 0
7099 0
7100 0
7101 0
7102 0
7103 0
7104 0
7105 0
7106 0
7107 0
7108 0
7109 0
7110 0
7111 0
7112 0
7113 0
7114 0
7115 0
7116 0
7117 0
7118 0
7119 0
7120 0
7121 0
7122 0
7123 0
7124 0
7125 0
7126 0
7127 0
7128 0
7129 0
7130 0
7131 0
7132 0
7133 0
7134 0
7135 0
7136 0
7137 0
7138 0
7139 0
7140 0
7141 0
7142 0
7143 0
7144 0
7145 0
7146 0
7147 0
7148 0
7149 0
7150 0
7151 0
7152 0
7153 0
7154 0
7155 0
7156 0
7157 0
7158 0
7159 0
7160 0
7161 0
7162 0
7163 0
7164 0
7165 0
7166 0
7167 0
