0 1638400
1 3273600
2 16753848
3 26990762
4 26387786
5 25761148
6 25132846
7 24534684
8 23986668
9 23512214
10 23023812
11 22550332
12 22089456
13 21635380
14 21221254
15 20818952
16 20456250
17 20073788
18 19722118
19 19365270
20 19021868
21 18690692
22 18324146
23 17982290
24 17653886
25 17339080
26 17029458
27 16735686
28 16440492
29 16169248
30 15900972
31 15622576
32 15352454
33 15109340
34 14848686
35 14614842
36 14373326
37 14148950
38 13908000
39 13691380
40 13486496
41 13276048
42 13065344
43 12862450
44 12669140
45 12472556
46 12272978
47 12094684
48 11901696
49 11710166
50 11536274
51 11358830
52 11190980
53 11015088
54 10840842
55 10679794
56 10521280
57 10377014
58 10216396
59 10057060
60 9913952
61 9764106
62 9614934
63 9468958
64 9319074
65 9190512
66 9059504
67 8921944
68 8800564
69 8668698
70 8545862
71 8426830
72 8305964
73 8190378
74 8065634
75 7960404
76 7846058
77 7728964
78 7624310
79 7515312
80 7412286
81 7306588
82 7202544
83 7100032
84 7001512
85 6903276
86 6814628
87 6715830
88 6616642
89 6529794
90 6438130
91 6343006
92 6255788
93 6170982
94 6075514
95 5997082
96 5913398
97 5829034
98 5744900
99 5666138
100 5592118
101 5512156
102 5440872
103 5360414
104 5288114
105 5217402
106 5144196
107 5082642
108 5011640
109 4941152
110 4874816
111 4810556
112 4744064
113 4680164
114 4619830
115 4549510
116 4489242
117 4432638
118 4372694
119 4309400
120 4252992
121 4193048
122 4136296
123 4076884
124 4018186
125 3966980
126 3910192
127 3857442
128 3806258
129 3752898
130 3699210
131 3648792
132 3598816
133 3548338
134 3502396
135 3452172
136 3406520
137 3358914
138 3315822
139 3270916
140 3224350
141 3184618
142 3141592
143 3098872
144 3055620
145 3011388
146 2969450
147 2932872
148 2896452
149 2853218
150 2813874
151 2775474
152 2739486
153 2704380
154 2665606
155 2630166
156 2595124
157 2556024
158 2523228
159 2488552
160 2457438
161 2423434
162 2391086
163 2359596
164 2327286
165 2299416
166 2266260
167 2235944
168 2205160
169 2177038
170 2151592
171 2120620
172 2090938
173 2063074
174 2034562
175 2009730
176 1979986
177 1957426
178 1925390
179 1902394
180 1878914
181 1854138
182 1825970
183 1804774
184 1779366
185 1753680
186 1732970
187 1706390
188 1684572
189 1662788
190 1641512
191 1618488
192 1598718
193 1575272
194 1555806
195 1534894
196 1514464
197 1494220
198 1473474
199 1454708
200 1432800
201 1412202
202 1395558
203 1377150
204 1359564
205 1339262
206 1322766
207 1305004
208 1286828
209 1269626
210 1252812
211 1238100
212 1220502
213 1204564
214 1189350
215 1172422
216 1159360
217 1140936
218 1126206
219 1111422
220 1096282
221 1083018
222 1070342
223 1053308
224 1039304
225 1027084
226 1012434
227 998580
228 986262
229 972774
230 961220
231 947794
232 933006
233 922042
234 910466
235 899542
236 887932
237 874948
238 864292
239 851542
240 839956
241 830722
242 818380
243 809074
244 797802
245 784072
246 776424
247 766772
248 756188
249 745956
250 736018
251 727340
252 716460
253 706798
254 697302
255 687522
256 677396
257 669716
258 658898
259 650058
260 642052
261 634266
262 624922
263 616248
264 609632
265 599994
266 591176
267 582176
268 573894
269 567816
270 558862
271 550082
272 542668
273 535294
274 527906
275 520480
276 512456
277 505928
278 498758
279 493444
280 485928
281 479910
282 472506
283 467202
284 459698
285 454512
286 446088
287 438632
288 433856
289 427410
290 420984
291 414738
292 409198
293 402934
294 396980
295 391166
296 385126
297 379132
298 374256
299 368446
300 364140
301 359388
302 353894
303 347796
304 343848
305 338032
306 333608
307 329474
308 324306
309 319976
310 314266
311 310062
312 306056
313 300750
314 296404
315 292920
316 287502
317 283450
318 279352
319 275894
320 270458
321 266334
322 263694
323 258840
324 255404
325 250564
326 246890
327 243500
328 239634
329 235948
330 232130
331 229230
332 225730
333 222140
334 219244
335 215638
336 211920
337 209496
338 205550
339 203458
340 200424
341 197616
342 194948
343 190558
344 188618
345 186054
346 182800
347 179580
348 176952
349 174788
350 171828
351 169072
352 166972
353 163886
354 161700
355 158870
356 156596
357 154050
358 151482
359 149056
360 146830
361 144410
362 141952
363 139080
364 136964
365 134708
366 132782
367 130820
368 128614
369 126222
370 124368
371 121792
372 120290
373 118176
374 116232
375 114542
376 112694
377 110912
378 108800
379 107482
380 105172
381 104374
382 102548
383 100836
384 99474
385 97590
386 95994
387 94456
388 92970
389 91686
390 90326
391 88822
392 87714
393 86054
394 85014
395 83612
396 82284
397 81274
398 79842
399 78432
400 76998
401 75554
402 74634
403 73774
404 72654
405 71862
406 70302
407 69092
408 67866
409 67130
410 65820
411 64790
412 64080
413 62886
414 61732
415 60838
416 60000
417 59238
418 58396
419 57714
420 56590
421 55644
422 54894
423 54154
424 53338
425 52284
426 51880
427 50868
428 49830
429 49280
430 48662
431 47768
432 46904
433 46008
434 45220
435 44602
436 43978
437 43506
438 42562
439 42154
440 41320
441 40620
442 40114
443 39186
444 38488
445 38086
446 37240
447 36552
448 35744
449 35344
450 34946
451 34064
452 33268
453 32862
454 32336
455 31660
456 31192
457 30474
458 29890
459 29610
460 28900
461 28058
462 27568
463 27278
464 26502
465 26048
466 25774
467 25162
468 24846
469 24310
470 23776
471 23438
472 22930
473 22696
474 22350
475 21828
476 21234
477 20998
478 20570
479 20054
480 19854
481 19222
482 18934
483 18606
484 18044
485 17648
486 17426
487 17008
488 16870
489 16490
490 16248
491 16036
492 15630
493 15298
494 15134
495 14742
496 14442
497 14298
498 13924
499 13658
500 13328
501 13250
502 12938
503 12598
504 12436
505 12188
506 11836
507 11762
508 11444
509 11220
510 10926
511 10728
512 10460
513 10322
514 9924
515 9864
516 9728
517 9506
518 9196
519 8974
520 8784
521 8628
522 8308
523 8144
524 7994
525 7830
526 7772
527 7632
528 7404
529 7096
530 6980
531 6806
532 6694
533 6488
534 6468
535 6256
536 5980
537 5880
538 5684
539 5488
540 5336
541 5236
542 5056
543 4968
544 4788
545 4716
546 4644
547 4432
548 4330
549 4218
550 4028
551 3962
552 3824
553 3648
554 3642
555 3552
556 3432
557 3420
558 3280
559 3232
560 3128
561 2988
562 3032
563 2856
564 2798
565 2722
566 2626
567 2598
568 2480
569 2448
570 2400
571 2330
572 2338
573 2240
574 2204
575 2134
576 2036
577 2002
578 1998
579 1946
580 1864
581 1806
582 1768
583 1762
584 1692
585 1626
586 1534
587 1504
588 1460
589 1378
590 1310
591 1322
592 1254
593 1256
594 1246
595 1152
596 1136
597 1040
598 1040
599 994
600 954
601 966
602 890
603 888
604 876
605 854
606 820
607 802
608 756
609 702
610 692
611 682
612 664
613 598
614 576
615 572
616 540
617 532
618 516
619 500
620 504
621 466
622 436
623 446
624 442
625 410
626 386
627 386
628 370
629 352
630 364
631 324
632 340
633 320
634 270
635 262
636 262
637 236
638 250
639 252
640 220
641 222
642 190
643 188
644 182
645 168
646 182
647 166
648 154
649 162
650 150
651 154
652 138
653 122
654 140
655 124
656 112
657 124
658 110
659 94
660 92
661 96
662 96
663 78
664 74
665 80
666 58
667 44
668 46
669 40
670 36
671 28
672 20
673 16
674 8
675 0
676 0
677 0
678 0
679 0
680 0
681 0
682 0
683 0
684 0
685 0
686 0
687 0
688 0
689 0
690 0
691 0
692 0
693 0
694 0
695 0
696 0
697 0
698 0
699 0
700 0
701 0
702 0
703 0
704 0
705 0
706 0
707 0
708 0
709 0
710 0
711 0
712 0
713 0
714 0
715 0
716 0
717 0
718 0
719 0
720 0
721 0
722 0
723 0
724 0
725 0
726 0
727 0
728 0
729 0
730 0
731 0
732 0
733 0
734 0
735 0
736 0
737 0
738 0
739 0
740 0
741 0
742 0
743 0
744 0
745 0
746 0
747 0
748 0
749 0
750 0
751 0
752 0
753 0
754 0
755 0
756 0
757 0
758 0
759 0
760 0
761 0
762 0
763 0
764 0
765 0
766 0
767 0
768 0
769 0
770 0
771 0
772 0
773 0
774 0
775 0
776 0
777 0
778 0
779 0
780 0
781 0
782 0
783 0
784 0
785 0
786 0
787 0
788 0
789 0
790 0
791 0
792 0
793 0
794 0
795 0
796 0
797 0
798 0
799 0
800 0
801 0
802 0
803 0
804 0
805 0
806 0
807 0
808 0
809 0
810 0
811 0
812 0
813 0
814 0
815 0
816 0
817 0
818 0
819 0
820 0
821 0
822 0
823 0
824 0
825 0
826 0
827 0
828 0
829 0
830 0
831 0
832 0
833 0
834 0
835 0
836 0
837 0
838 0
839 0
840 0
841 0
842 0
843 0
844 0
845 0
846 0
847 0
848 0
849 0
850 0
851 0
852 0
853 0
854 0
855 0
856 0
857 0
858 0
859 0
860 0
861 0
862 0
863 0
864 0
865 0
866 0
867 0
868 0
869 0
870 0
871 0
872 0
873 0
874 0
875 0
876 0
877 0
878 0
879 0
880 0
881 0
882 0
883 0
884 0
885 0
886 0
887 0
888 0
889 0
890 0
891 0
892 0
893 0
894 0
895 0
896 0
897 0
898 0
899 0
900 0
901 0
902 0
903 0
904 0
905 0
906 0
907 0
908 0
909 0
910 0
911 0
912 0
913 0
914 0
915 0
916 0
917 0
918 0
919 0
920 0
921 0
922 0
923 0
924 0
925 0
926 0
927 0
928 0
929 0
930 0
931 0
932 0
933 0
934 0
935 0
936 0
937 0
938 0
939 0
940 0
941 0
942 0
943 0
944 0
945 0
946 0
947 0
948 0
949 0
950 0
951 0
952 0
953 0
954 0
955 0
956 0
957 0
958 0
959 0
960 0
961 0
962 0
963 0
964 0
965 0
966 0
967 0
968 0
969 0
970 0
971 0
972 0
973 0
974 0
975 0
976 0
977 0
978 0
979 0
980 0
981 0
982 0
983 0
984 0
985 0
986 0
987 0
988 0
989 0
990 0
991 0
992 0
993 0
994 0
995 0
996 0
997 0
998 0
999 0
1000 0
1001 0
1002 0
1003 0
1004 0
1005 0
1006 0
1007 0
1008 0
1009 0
1010 0
1011 0
1012 0
1013 0
1014 0
1015 0
1016 0
1017 0
1018 0
1019 0
1020 0
1021 0
1022 0
1023 0
