0 409600
1 816000
2 3846826
3 5815712
4 5390370
5 4999194
6 4663004
7 4356614
8 4086278
9 3832264
10 3616358
11 3414808
12 3224232
13 3042392
14 2865978
15 2713400
16 2561092
17 2417410
18 2280464
19 2160754
20 2042884
21 1934730
22 1833160
23 1733982
24 1642628
25 1556942
26 1476298
27 1403426
28 1330938
29 1261266
30 1200800
31 1137156
32 1077948
33 1021354
34 968754
35 917386
36 869198
37 823994
38 778768
39 735362
40 697212
41 659230
42 623718
43 590450
44 559416
45 529332
46 502948
47 474914
48 451388
49 426620
50 402924
51 380676
52 359918
53 341286
54 322888
55 304968
56 288564
57 272806
58 258094
59 244364
60 230836
61 216962
62 204506
63 193166
64 182922
65 173178
66 163164
67 154484
68 145324
69 137462
70 129330
71 121218
72 115460
73 107976
74 101994
75 96084
76 90378
77 85030
78 79720
79 74684
80 70596
81 66564
82 62378
83 58504
84 55348
85 51554
86 48730
87 45652
88 42712
89 39742
90 36962
91 34824
92 32526
93 30624
94 28842
95 27074
96 25432
97 23500
98 21930
99 20594
100 19138
101 18162
102 16930
103 15776
104 14892
105 14032
106 12992
107 12336
108 11296
109 10536
110 9942
111 9204
112 8632
113 7948
114 7496
115 7008
116 6480
117 6098
118 5610
119 5086
120 4744
121 4400
122 4026
123 3708
124 3362
125 3140
126 2836
127 2586
128 2390
129 2272
130 2070
131 1880
132 1672
133 1572
134 1426
135 1292
136 1216
137 1082
138 992
139 914
140 832
141 788
142 760
143 690
144 660
145 624
146 568
147 534
148 502
149 510
150 462
151 420
152 410
153 380
154 350
155 308
156 268
157 234
158 222
159 206
160 184
161 156
162 146
163 122
164 104
165 90
166 78
167 72
168 62
169 60
170 58
171 50
172 40
173 30
174 20
175 14
176 6
177 0
178 0
179 0
180 0
181 0
182 0
183 0
184 0
185 0
186 0
187 0
188 0
189 0
190 0
191 0
192 0
193 0
194 0
195 0
196 0
197 0
198 0
199 0
200 0
201 0
202 0
203 0
204 0
205 0
206 0
207 0
208 0
209 0
210 0
211 0
212 0
213 0
214 0
215 0
216 0
217 0
218 0
219 0
220 0
221 0
222 0
223 0
224 0
225 0
226 0
227 0
228 0
229 0
230 0
231 0
232 0
233 0
234 0
235 0
236 0
237 0
238 0
239 0
240 0
241 0
242 0
243 0
244 0
245 0
246 0
247 0
248 0
249 0
250 0
251 0
252 0
253 0
254 0
255 0
