0 819200
1 1635200
2 7902440
3 12495788
4 12105916
5 11721136
6 11336334
7 10938500
8 10553574
9 10185830
10 9844960
11 9505010
12 9169252
13 8849656
14 8514388
15 8217536
16 7923396
17 7630302
18 7380238
19 7123796
20 6899802
21 6682830
22 6467400
23 6267588
24 6066302
25 5870212
26 5702426
27 5523826
28 5354038
29 5205524
30 5050822
31 4907342
32 4768948
33 4627982
34 4496590
35 4364248
36 4246254
37 4125178
38 4010064
39 3896052
40 3784100
41 3683356
42 3588214
43 3485558
44 3386816
45 3286478
46 3202836
47 3113282
48 3031016
49 2938978
50 2861490
51 2785460
52 2706568
53 2634846
54 2559486
55 2493460
56 2421966
57 2355900
58 2293264
59 2225968
60 2169584
61 2111198
62 2052254
63 2000022
64 1943130
65 1894672
66 1840334
67 1796244
68 1747746
69 1704838
70 1658866
71 1613144
72 1566184
73 1523094
74 1484992
75 1445226
76 1408600
77 1372982
78 1335072
79 1301114
80 1269122
81 1232660
82 1202124
83 1172116
84 1140500
85 1111532
86 1082252
87 1051912
88 1026892
89 999498
90 973132
91 946532
92 923344
93 897428
94 875590
95 854138
96 832296
97 811494
98 789276
99 768760
100 746858
101 727496
102 708500
103 689896
104 670662
105 653020
106 634854
107 617882
108 603218
109 586956
110 572970
111 557844
112 544230
113 529654
114 515382
115 500672
116 488726
117 476084
118 463726
119 452862
120 441828
121 429280
122 418932
123 408358
124 398100
125 388428
126 377584
127 368426
128 358430
129 350492
130 340678
131 332996
132 323678
133 315234
134 307632
135 300440
136 292550
137 284982
138 277622
139 269990
140 264124
141 257072
142 250200
143 244204
144 237356
145 230556
146 225142
147 218994
148 213852
149 209324
150 203224
151 198512
152 192928
153 187756
154 182924
155 177288
156 173116
157 168536
158 164318
159 159830
160 156066
161 151666
162 147600
163 143784
164 139456
165 135860
166 131918
167 128322
168 125628
169 122072
170 118204
171 115276
172 112658
173 109610
174 106800
175 103390
176 100858
177 98104
178 96002
179 93152
180 90846
181 87880
182 85210
183 82982
184 80610
185 78374
186 76308
187 74568
188 72102
189 70130
190 68656
191 66116
192 64324
193 62672
194 60844
195 59404
196 57220
197 55390
198 53770
199 52564
200 50706
201 49240
202 47996
203 46398
204 44740
205 43652
206 42584
207 40976
208 40096
209 38704
210 37480
211 36368
212 35246
213 34078
214 33070
215 32126
216 31368
217 30376
218 29502
219 28330
220 27610
221 26660
222 25802
223 25222
224 24310
225 23454
226 22962
227 22132
228 21744
229 20876
230 19982
231 19412
232 18822
233 18316
234 18006
235 17446
236 16900
237 16348
238 15782
239 15464
240 14818
241 14274
242 13910
243 13372
244 12916
245 12488
246 12036
247 11674
248 11384
249 10786
250 10452
251 9952
252 9676
253 9256
254 8810
255 8442
256 8178
257 7714
258 7430
259 7094
260 6892
261 6728
262 6432
263 6294
264 5966
265 5702
266 5512
267 5206
268 5058
269 4836
270 4614
271 4380
272 4160
273 3954
274 3714
275 3554
276 3382
277 3226
278 3056
279 2896
280 2718
281 2622
282 2494
283 2288
284 2208
285 2046
286 1988
287 1838
288 1770
289 1738
290 1624
291 1606
292 1510
293 1434
294 1352
295 1286
296 1236
297 1150
298 1116
299 1106
300 1032
301 982
302 960
303 930
304 854
305 824
306 788
307 738
308 738
309 692
310 654
311 622
312 614
313 558
314 536
315 478
316 460
317 434
318 388
319 366
320 318
321 294
322 276
323 254
324 244
325 206
326 200
327 186
328 160
329 166
330 156
331 154
332 130
333 120
334 108
335 84
336 70
337 66
338 60
339 62
340 64
341 46
342 24
343 20
344 16
345 8
346 0
347 0
348 0
349 0
350 0
351 0
352 0
353 0
354 0
355 0
356 0
357 0
358 0
359 0
360 0
361 0
362 0
363 0
364 0
365 0
366 0
367 0
368 0
369 0
370 0
371 0
372 0
373 0
374 0
375 0
376 0
377 0
378 0
379 0
380 0
381 0
382 0
383 0
384 0
385 0
386 0
387 0
388 0
389 0
390 0
391 0
392 0
393 0
394 0
395 0
396 0
397 0
398 0
399 0
400 0
401 0
402 0
403 0
404 0
405 0
406 0
407 0
408 0
409 0
410 0
411 0
412 0
413 0
414 0
415 0
416 0
417 0
418 0
419 0
420 0
421 0
422 0
423 0
424 0
425 0
426 0
427 0
428 0
429 0
430 0
431 0
432 0
433 0
434 0
435 0
436 0
437 0
438 0
439 0
440 0
441 0
442 0
443 0
444 0
445 0
446 0
447 0
448 0
449 0
450 0
451 0
452 0
453 0
454 0
455 0
456 0
457 0
458 0
459 0
460 0
461 0
462 0
463 0
464 0
465 0
466 0
467 0
468 0
469 0
470 0
471 0
472 0
473 0
474 0
475 0
476 0
477 0
478 0
479 0
480 0
481 0
482 0
483 0
484 0
485 0
486 0
487 0
488 0
489 0
490 0
491 0
492 0
493 0
494 0
495 0
496 0
497 0
498 0
499 0
500 0
501 0
502 0
503 0
504 0
505 0
506 0
507 0
508 0
509 0
510 0
511 0
