0 614400
1 1225600
2 5991838
3 9379784
4 9002034
5 8605650
6 8225208
7 7824048
8 7454710
9 7116802
10 6790922
11 6489360
12 6185444
13 5918048
14 5658574
15 5410804
16 5183698
17 4960416
18 4757484
19 4564774
20 4385640
21 4208318
22 4042884
23 3881538
24 3728322
25 3582068
26 3434486
27 3299296
28 3167388
29 3043928
30 2925060
31 2806276
32 2696952
33 2593014
34 2496862
35 2397518
36 2311644
37 2224368
38 2141860
39 2063856
40 1986844
41 1911690
42 1837576
43 1767330
44 1699468
45 1641074
46 1576294
47 1513720
48 1456464
49 1402770
50 1350090
51 1296464
52 1248616
53 1200464
54 1155290
55 1111404
56 1070542
57 1027594
58 989956
59 951948
60 912624
61 880378
62 847348
63 817590
64 787068
65 757654
66 728660
67 701302
68 677162
69 653522
70 629148
71 606300
72 584854
73 563462
74 543072
75 524456
76 504446
77 484782
78 467422
79 450278
80 433172
81 417974
82 403566
83 389294
84 374268
85 362594
86 349666
87 337946
88 327530
89 314826
90 303814
91 294284
92 282398
93 274542
94 264672
95 254820
96 245922
97 236966
98 228070
99 219622
100 212432
101 204526
102 198390
103 190370
104 183148
105 176508
106 170206
107 163792
108 158474
109 152590
110 146700
111 141114
112 136306
113 130672
114 126476
115 121152
116 116710
117 111736
118 107070
119 103042
120 98248
121 95210
122 91546
123 87574
124 84920
125 80852
126 78446
127 75540
128 72544
129 70110
130 67666
131 64994
132 62708
133 59798
134 57800
135 55156
136 52892
137 51158
138 48874
139 47090
140 45352
141 43140
142 41540
143 40136
144 38604
145 37620
146 35924
147 34280
148 32962
149 31786
150 30416
151 29142
152 27798
153 26846
154 25872
155 24750
156 23850
157 22708
158 21678
159 20848
160 19984
161 19006
162 18006
163 17244
164 16494
165 15562
166 14810
167 14206
168 13140
169 12774
170 12124
171 11622
172 11072
173 10550
174 10076
175 9546
176 9108
177 8650
178 8278
179 7890
180 7482
181 7080
182 6894
183 6480
184 6144
185 5868
186 5478
187 5154
188 4852
189 4552
190 4356
191 4058
192 3918
193 3662
194 3516
195 3488
196 3292
197 3184
198 2966
199 2830
200 2718
201 2562
202 2450
203 2338
204 2252
205 2138
206 2060
207 1966
208 1880
209 1822
210 1740
211 1670
212 1612
213 1582
214 1508
215 1418
216 1382
217 1350
218 1304
219 1244
220 1194
221 1170
222 1110
223 1082
224 1042
225 1006
226 950
227 910
228 880
229 864
230 796
231 774
232 708
233 706
234 670
235 622
236 586
237 564
238 532
239 484
240 458
241 434
242 406
243 396
244 374
245 330
246 324
247 324
248 292
249 274
250 254
251 236
252 234
253 200
254 204
255 172
256 172
257 164
258 158
259 152
260 126
261 114
262 112
263 104
264 102
265 88
266 70
267 68
268 60
269 56
270 52
271 50
272 50
273 46
274 36
275 30
276 22
277 20
278 20
279 16
280 14
281 4
282 0
283 0
284 0
285 0
286 0
287 0
288 0
289 0
290 0
291 0
292 0
293 0
294 0
295 0
296 0
297 0
298 0
299 0
300 0
301 0
302 0
303 0
304 0
305 0
306 0
307 0
308 0
309 0
310 0
311 0
312 0
313 0
314 0
315 0
316 0
317 0
318 0
319 0
320 0
321 0
322 0
323 0
324 0
325 0
326 0
327 0
328 0
329 0
330 0
331 0
332 0
333 0
334 0
335 0
336 0
337 0
338 0
339 0
340 0
341 0
342 0
343 0
344 0
345 0
346 0
347 0
348 0
349 0
350 0
351 0
352 0
353 0
354 0
355 0
356 0
357 0
358 0
359 0
360 0
361 0
362 0
363 0
364 0
365 0
366 0
367 0
368 0
369 0
370 0
371 0
372 0
373 0
374 0
375 0
376 0
377 0
378 0
379 0
380 0
381 0
382 0
383 0
