0 204800
1 406400
2 1717784
3 2485522
4 2250436
5 2010632
6 1790274
7 1600466
8 1427778
9 1275874
10 1138410
11 1017806
12 909480
13 816836
14 731902
15 656428
16 591670
17 530630
18 476958
19 428674
20 383266
21 343668
22 310108
23 278614
24 249554
25 224384
26 202260
27 181912
28 163460
29 148286
30 133228
31 119894
32 108512
33 97004
34 88268
35 79022
36 71480
37 64242
38 57616
39 51110
40 45860
41 40636
42 36248
43 31658
44 28406
45 24982
46 21790
47 19414
48 17116
49 14956
50 13274
51 11714
52 10366
53 9034
54 8016
55 7012
56 6260
57 5540
58 5004
59 4406
60 3870
61 3400
62 2934
63 2584
64 2222
65 1936
66 1634
67 1404
68 1212
69 1040
70 918
71 830
72 676
73 558
74 448
75 386
76 344
77 306
78 272
79 234
80 198
81 160
82 142
83 116
84 86
85 66
86 48
87 24
88 10
89 2
90 0
91 0
92 0
93 0
94 0
95 0
96 0
97 0
98 0
99 0
100 0
101 0
102 0
103 0
104 0
105 0
106 0
107 0
108 0
109 0
110 0
111 0
112 0
113 0
114 0
115 0
116 0
117 0
118 0
119 0
120 0
121 0
122 0
123 0
124 0
125 0
126 0
127 0
