0 3686400
1 7371000
2 38671320
3 63759864
4 63462902
5 63152582
6 62838126
7 62505480
8 62201598
9 61912620
10 61597938
11 61260488
12 60966522
13 60638470
14 60334712
15 60015062
16 59709994
17 59398306
18 59072788
19 58765912
20 58448630
21 58125544
22 57811144
23 57514794
24 57194892
25 56868734
26 56569304
27 56238140
28 55930500
29 55615110
30 55302162
31 55016384
32 54689252
33 54375412
34 54083248
35 53759380
36 53466948
37 53142582
38 52850502
39 52531624
40 52213824
41 51901174
42 51619298
43 51301292
44 50976930
45 50661900
46 50339970
47 50036684
48 49720092
49 49441198
50 49152220
51 48860708
52 48572496
53 48255410
54 47982014
55 47690592
56 47401346
57 47108518
58 46835090
59 46552920
60 46252014
61 45958490
62 45682648
63 45392884
64 45160504
65 44898618
66 44666472
67 44404190
68 44165020
69 43953270
70 43689616
71 43460090
72 43232812
73 42982246
74 42762568
75 42531586
76 42312970
77 42092970
78 41868612
79 41626862
80 41415182
81 41195188
82 40979250
83 40757910
84 40550834
85 40342730
86 40120904
87 39926246
88 39708964
89 39517794
90 39317224
91 39106456
92 38914528
93 38726702
94 38524858
95 38352794
96 38162954
97 37985972
98 37796580
99 37595548
100 37428554
101 37254512
102 37082564
103 36910854
104 36741794
105 36568626
106 36391662
107 36232426
108 36076988
109 35902992
110 35732058
111 35570004
112 35398248
113 35211766
114 35058210
115 34901318
116 34751766
117 34578372
118 34426072
119 34277382
120 34117646
121 33961092
122 33826568
123 33691108
124 33526278
125 33376844
126 33221510
127 33098762
128 32946754
129 32813116
130 32667514
131 32528894
132 32390318
133 32248652
134 32100160
135 31968610
136 31852514
137 31702380
138 31568660
139 31446050
140 31308990
141 31157528
142 31043600
143 30900928
144 30758438
145 30633806
146 30489414
147 30354698
148 30222940
149 30086846
150 29966678
151 29827294
152 29695106
153 29576094
154 29449572
155 29318256
156 29209530
157 29069096
158 28952290
159 28829440
160 28691042
161 28583126
162 28468352
163 28341074
164 28222496
165 28097148
166 27999644
167 27875750
168 27754158
169 27662128
170 27542670
171 27448890
172 27316492
173 27207296
174 27095226
175 26990150
176 26893218
177 26768368
178 26673246
179 26574774
180 26463348
181 26362220
182 26274156
183 26175342
184 26060102
185 25977706
186 25865726
187 25778038
188 25666964
189 25568224
190 25482656
191 25378882
192 25285598
193 25201308
194 25089438
195 25001128
196 24899512
197 24807124
198 24713852
199 24628776
200 24535534
201 24436382
202 24344254
203 24249688
204 24147476
205 24048748
206 23976630
207 23878520
208 23784802
209 23691602
210 23619924
211 23532560
212 23442196
213 23360932
214 23268956
215 23184706
216 23104394
217 23016354
218 22939462
219 22851140
220 22762354
221 22665292
222 22583160
223 22504336
224 22416554
225 22339206
226 22258662
227 22182234
228 22096830
229 22013206
230 21937086
231 21861960
232 21788062
233 21697754
234 21616894
235 21547126
236 21464652
237 21391460
238 21309944
239 21237248
240 21158738
241 21084752
242 21001388
243 20937708
244 20843944
245 20777078
246 20716014
247 20641594
248 20562300
249 20477024
250 20408444
251 20332514
252 20260030
253 20185102
254 20115406
255 20046806
256 19980404
257 19914310
258 19842128
259 19769440
260 19685390
261 19620200
262 19539400
263 19475056
264 19404154
265 19333030
266 19266038
267 19184090
268 19129278
269 19059698
270 18988800
271 18929362
272 18853688
273 18783582
274 18722540
275 18641260
276 18572418
277 18507036
278 18436920
279 18370764
280 18303656
281 18243842
282 18182310
283 18114614
284 18038908
285 17974022
286 17912538
287 17850042
288 17790040
289 17727698
290 17665834
291 17608982
292 17541808
293 17483512
294 17435296
295 17363290
296 17306856
297 17251296
298 17195376
299 17132142
300 17078592
301 17015984
302 16961654
303 16898822
304 16837546
305 16789790
306 16729064
307 16669746
308 16620958
309 16559120
310 16506976
311 16449830
312 16396252
313 16348696
314 16290040
315 16246312
316 16191096
317 16139864
318 16095018
319 16028972
320 15985364
321 15928956
322 15880664
323 15820954
324 15764374
325 15721728
326 15668192
327 15612552
328 15561572
329 15518136
330 15468054
331 15407654
332 15354868
333 15295788
334 15256362
335 15203262
336 15150060
337 15106030
338 15064022
339 15013182
340 14966956
341 14910514
342 14866310
343 14818106
344 14772804
345 14716758
346 14677430
347 14619190
348 14575804
349 14535730
350 14484304
351 14427138
352 14390224
353 14350068
354 14295104
355 14248056
356 14206732
357 14155596
358 14097930
359 14062818
360 14012992
361 13972154
362 13929372
363 13874378
364 13832378
365 13780664
366 13744092
367 13699882
368 13649828
369 13607980
370 13564750
371 13515228
372 13468800
373 13433450
374 13393070
375 13343420
376 13298892
377 13256722
378 13216778
379 13158666
380 13125434
381 13074926
382 13034156
383 12998502
384 12946758
385 12899406
386 12865446
387 12824210
388 12783546
389 12739886
390 12706972
391 12661356
392 12620654
393 12571182
394 12530096
395 12495276
396 12453470
397 12414134
398 12367464
399 12330366
400 12291706
401 12249378
402 12205628
403 12162530
404 12123172
405 12084196
406 12047820
407 12002870
408 11964658
409 11926226
410 11887930
411 11840420
412 11804060
413 11766772
414 11733442
415 11687322
416 11651930
417 11614246
418 11575674
419 11534908
420 11503362
421 11465214
422 11432390
423 11390926
424 11347740
425 11310604
426 11283862
427 11237990
428 11203266
429 11163644
430 11134150
431 11098522
432 11060044
433 11019774
434 10985476
435 10954696
436 10912894
437 10876750
438 10844896
439 10812474
440 10774296
441 10739744
442 10703118
443 10664226
444 10635404
445 10598044
446 10559492
447 10527662
448 10499404
449 10455250
450 10425414
451 10388902
452 10347960
453 10315348
454 10272218
455 10250654
456 10212750
457 10181460
458 10144304
459 10118990
460 10079668
461 10047588
462 10018646
463 9976890
464 9947004
465 9915294
466 9883638
467 9854430
468 9820102
469 9789244
470 9759914
471 9725810
472 9693042
473 9654530
474 9624310
475 9598798
476 9564268
477 9530224
478 9500818
479 9468468
480 9442478
481 9412678
482 9375956
483 9352362
484 9320162
485 9280404
486 9250434
487 9227446
488 9197258
489 9163036
490 9136490
491 9103732
492 9068046
493 9047068
494 9011232
495 8982538
496 8958970
497 8925068
498 8900706
499 8870768
500 8836238
501 8812886
502 8787710
503 8754520
504 8731410
505 8701014
506 8677384
507 8644656
508 8619936
509 8598152
510 8567178
511 8540410
512 8510044
513 8487342
514 8464068
515 8435370
516 8411914
517 8386070
518 8356448
519 8332800
520 8305250
521 8278368
522 8249300
523 8222896
524 8198682
525 8168186
526 8140830
527 8119752
528 8090460
529 8071006
530 8040902
531 8014092
532 7992206
533 7966548
534 7942530
535 7917074
536 7892738
537 7865466
538 7840490
539 7815364
540 7793400
541 7765682
542 7740372
543 7716084
544 7691174
545 7663736
546 7637636
547 7622570
548 7595310
549 7563290
550 7548478
551 7517598
552 7488338
553 7468722
554 7442952
555 7423044
556 7397024
557 7377474
558 7347978
559 7327330
560 7300750
561 7278736
562 7251130
563 7231042
564 7206250
565 7185404
566 7160748
567 7142226
568 7118408
569 7094496
570 7069846
571 7052052
572 7025294
573 7003216
574 6982378
575 6960708
576 6935592
577 6909430
578 6890464
579 6873710
580 6847840
581 6822546
582 6801868
583 6784760
584 6759268
585 6736954
586 6715414
587 6696246
588 6674928
589 6656182
590 6634278
591 6611032
592 6582046
593 6566206
594 6546456
595 6531598
596 6509170
597 6485684
598 6467204
599 6442904
600 6428310
601 6403330
602 6382354
603 6358618
604 6343398
605 6318682
606 6299268
607 6280414
608 6256624
609 6243358
610 6220286
611 6201800
612 6184362
613 6157236
614 6141208
615 6118858
616 6099786
617 6084038
618 6070994
619 6047090
620 6025772
621 6009914
622 5987556
623 5967188
624 5950414
625 5930264
626 5913132
627 5885308
628 5872176
629 5857766
630 5834468
631 5810134
632 5791410
633 5779174
634 5758054
635 5740824
636 5716372
637 5695498
638 5677622
639 5663856
640 5643740
641 5625610
642 5608814
643 5588432
644 5566708
645 5549278
646 5537952
647 5512696
648 5496880
649 5481556
650 5457942
651 5442094
652 5427220
653 5411850
654 5393196
655 5371634
656 5354512
657 5337886
658 5319302
659 5304030
660 5284038
661 5266936
662 5254630
663 5238424
664 5222466
665 5200820
666 5184310
667 5171956
668 5153442
669 5137906
670 5114886
671 5103176
672 5087278
673 5071172
674 5054928
675 5037518
676 5023326
677 5002770
678 4993514
679 4972252
680 4961574
681 4945792
682 4927074
683 4908614
684 4897020
685 4879424
686 4863890
687 4850822
688 4832474
689 4820702
690 4804150
691 4789300
692 4768538
693 4756084
694 4739442
695 4724520
696 4709688
697 4697158
698 4679768
699 4662202
700 4646396
701 4633240
702 4615500
703 4605336
704 4589334
705 4575888
706 4557780
707 4548198
708 4531658
709 4517660
710 4499032
711 4483882
712 4469066
713 4453254
714 4444072
715 4429714
716 4419994
717 4399140
718 4384162
719 4369626
720 4358550
721 4342222
722 4329072
723 4316714
724 4301856
725 4289056
726 4275692
727 4261750
728 4244716
729 4235430
730 4221462
731 4205928
732 4193912
733 4182458
734 4167364
735 4151778
736 4139644
737 4130384
738 4109822
739 4100694
740 4092176
741 4071980
742 4064712
743 4048818
744 4037230
745 4025602
746 4016208
747 3998040
748 3985132
749 3971792
750 3960098
751 3947492
752 3935180
753 3922576
754 3909866
755 3894416
756 3882540
757 3871414
758 3859388
759 3846744
760 3835120
761 3820470
762 3809358
763 3796764
764 3785838
765 3770540
766 3759264
767 3747946
768 3740674
769 3725138
770 3712716
771 3703894
772 3688926
773 3678658
774 3660918
775 3654366
776 3640284
777 3628176
778 3619218
779 3610550
780 3594110
781 3587092
782 3574530
783 3561598
784 3549060
785 3538148
786 3526028
787 3520152
788 3507148
789 3496796
790 3483478
791 3474644
792 3462254
793 3453250
794 3440066
795 3430752
796 3418838
797 3411748
798 3397152
799 3383936
800 3374944
801 3363734
802 3350538
803 3340390
804 3330808
805 3321402
806 3308502
807 3298882
808 3287312
809 3281428
810 3267304
811 3259906
812 3250848
813 3239204
814 3227358
815 3221026
816 3207856
817 3195980
818 3182788
819 3174446
820 3167764
821 3156226
822 3147578
823 3133956
824 3126138
825 3113562
826 3105008
827 3097218
828 3087092
829 3076040
830 3064802
831 3054368
832 3048176
833 3037574
834 3025620
835 3015082
836 3008870
837 2994564
838 2987884
839 2976704
840 2967508
841 2954284
842 2946184
843 2936120
844 2925660
845 2918490
846 2911408
847 2901536
848 2889690
849 2883544
850 2874494
851 2861554
852 2854128
853 2845930
854 2835500
855 2827158
856 2813900
857 2807146
858 2793972
859 2792120
860 2779138
861 2769516
862 2760222
863 2752114
864 2745150
865 2733778
866 2725438
867 2718096
868 2710288
869 2697734
870 2688054
871 2679778
872 2671466
873 2662592
874 2654298
875 2644196
876 2635640
877 2626756
878 2614774
879 2609726
880 2603100
881 2590136
882 2585538
883 2571932
884 2569422
885 2557416
886 2549450
887 2540868
888 2529938
889 2525648
890 2518868
891 2508150
892 2501332
893 2491036
894 2480366
895 2474700
896 2465558
897 2461578
898 2452878
899 2442830
900 2431418
901 2425864
902 2418724
903 2408928
904 2400662
905 2390506
906 2384762
907 2376390
908 2367658
909 2359802
910 2351940
911 2345034
912 2336184
913 2330212
914 2320508
915 2316072
916 2301204
917 2298526
918 2288768
919 2282684
920 2273716
921 2266918
922 2255430
923 2250396
924 2245442
925 2236486
926 2227190
927 2220070
928 2211904
929 2204148
930 2196736
931 2188100
932 2180106
933 2173034
934 2161964
935 2154358
936 2146492
937 2139510
938 2131710
939 2128068
940 2119664
941 2109828
942 2104814
943 2093134
944 2089226
945 2083878
946 2071382
947 2067634
948 2058140
949 2050138
950 2043988
951 2039500
952 2029314
953 2022270
954 2017552
955 2007534
956 2002188
957 1995942
958 1986244
959 1980912
960 1972848
961 1963708
962 1958168
963 1951746
964 1943348
965 1938550
966 1932536
967 1925602
968 1916598
969 1910550
970 1904018
971 1895698
972 1889790
973 1881728
974 1877594
975 1866092
976 1860656
977 1857584
978 1847780
979 1843578
980 1834594
981 1827754
982 1820848
983 1815946
984 1808072
985 1800624
986 1796040
987 1787482
988 1781584
989 1774746
990 1769832
991 1763718
992 1756002
993 1751708
994 1744614
995 1738410
996 1731720
997 1722936
998 1721482
999 1711634
1000 1707282
1001 1700348
1002 1696024
1003 1687402
1004 1679774
1005 1673388
1006 1670738
1007 1662908
1008 1655692
1009 1650620
1010 1644890
1011 1636764
1012 1632600
1013 1628070
1014 1620508
1015 1613434
1016 1609252
1017 1602676
1018 1596314
1019 1591916
1020 1584318
1021 1576388
1022 1572760
1023 1566610
1024 1561086
1025 1556020
1026 1549276
1027 1543772
1028 1537152
1029 1533362
1030 1525336
1031 1520500
1032 1516768
1033 1510908
1034 1504486
1035 1497688
1036 1493838
1037 1488148
1038 1482658
1039 1476826
1040 1470890
1041 1462590
1042 1462018
1043 1455172
1044 1449030
1045 1444746
1046 1439130
1047 1432452
1048 1428526
1049 1421546
1050 1416758
1051 1411826
1052 1405508
1053 1399200
1054 1397208
1055 1389598
1056 1385580
1057 1380940
1058 1374202
1059 1370392
1060 1364774
1061 1361084
1062 1357282
1063 1351030
1064 1347948
1065 1342060
1066 1337614
1067 1331072
1068 1328188
1069 1321954
1070 1317382
1071 1312142
1072 1308490
1073 1302896
1074 1297208
1075 1291078
1076 1287396
1077 1283794
1078 1277992
1079 1275982
1080 1270192
1081 1264618
1082 1261842
1083 1256322
1084 1250472
1085 1245792
1086 1242758
1087 1237016
1088 1234480
1089 1230984
1090 1225318
1091 1220004
1092 1214572
1093 1210848
1094 1204208
1095 1200408
1096 1197750
1097 1190034
1098 1188554
1099 1184230
1100 1179820
1101 1173378
1102 1169822
1103 1164712
1104 1157486
1105 1156034
1106 1153246
1107 1145566
1108 1142072
1109 1137336
1110 1133704
1111 1128388
1112 1126174
1113 1121138
1114 1118178
1115 1113098
1116 1109900
1117 1107078
1118 1101994
1119 1097552
1120 1093760
1121 1088624
1122 1084640
1123 1081184
1124 1075396
1125 1072096
1126 1067814
1127 1065088
1128 1060184
1129 1055824
1130 1052342
1131 1047984
1132 1044562
1133 1040650
1134 1035296
1135 1033180
1136 1028478
1137 1024298
1138 1021820
1139 1016170
1140 1013896
1141 1009926
1142 1003122
1143 1002574
1144 998062
1145 994622
1146 989834
1147 985726
1148 982934
1149 978896
1150 974816
1151 970440
1152 967462
1153 964256
1154 960308
1155 955194
1156 953272
1157 950890
1158 944050
1159 940328
1160 938584
1161 934392
1162 932170
1163 927456
1164 924928
1165 921044
1166 917254
1167 913454
1168 910680
1169 905758
1170 903598
1171 900142
1172 896850
1173 893346
1174 890878
1175 887604
1176 882898
1177 881174
1178 876972
1179 871892
1180 870122
1181 866966
1182 863576
1183 860152
1184 857482
1185 852670
1186 850248
1187 846556
1188 844468
1189 840102
1190 836942
1191 835070
1192 831008
1193 827160
1194 824752
1195 822100
1196 816812
1197 814982
1198 811774
1199 808202
1200 805462
1201 802942
1202 800130
1203 797590
1204 793936
1205 789504
1206 786408
1207 783894
1208 780804
1209 778546
1210 774504
1211 770496
1212 768426
1213 767002
1214 763966
1215 760866
1216 758582
1217 756352
1218 753164
1219 750520
1220 747612
1221 744968
1222 742970
1223 739908
1224 735740
1225 732648
1226 730526
1227 726934
1228 726894
1229 723416
1230 720252
1231 717832
1232 715666
1233 713532
1234 711120
1235 707750
1236 705118
1237 701422
1238 699762
1239 696032
1240 692958
1241 691282
1242 687948
1243 686362
1244 684570
1245 681542
1246 678294
1247 677192
1248 673224
1249 671186
1250 667658
1251 664868
1252 663824
1253 662020
1254 657650
1255 654920
1256 652536
1257 650768
1258 647588
1259 646070
1260 643392
1261 640434
1262 638094
1263 635636
1264 633450
1265 631386
1266 627716
1267 627552
1268 623710
1269 620184
1270 619886
1271 617424
1272 615064
1273 611466
1274 608574
1275 607574
1276 604716
1277 604330
1278 600656
1279 598566
1280 596416
1281 593934
1282 591616
1283 589666
1284 587734
1285 584764
1286 582214
1287 581590
1288 577704
1289 575354
1290 574012
1291 572072
1292 568568
1293 567186
1294 563802
1295 562026
1296 559412
1297 558242
1298 555292
1299 552244
1300 550374
1301 548976
1302 546580
1303 544198
1304 541854
1305 540488
1306 538716
1307 535396
1308 533740
1309 531950
1310 530534
1311 528316
1312 525704
1313 523498
1314 521004
1315 518532
1316 516964
1317 515690
1318 513282
1319 510968
1320 508214
1321 507938
1322 505266
1323 502052
1324 500402
1325 498996
1326 496170
1327 493882
1328 493180
1329 490564
1330 489808
1331 486104
1332 485488
1333 482806
1334 480118
1335 478264
1336 477166
1337 475024
1338 472606
1339 471080
1340 468512
1341 466998
1342 464120
1343 462818
1344 460570
1345 459260
1346 457288
1347 456102
1348 453478
1349 451976
1350 449528
1351 448440
1352 445760
1353 443822
1354 442664
1355 440382
1356 438078
1357 436626
1358 434300
1359 433286
1360 431888
1361 429300
1362 428974
1363 427024
1364 425020
1365 423772
1366 420988
1367 419280
1368 418114
1369 416056
1370 415138
1371 413704
1372 411418
1373 409682
1374 408538
1375 406954
1376 405158
1377 404002
1378 402494
1379 400490
1380 399310
1381 398662
1382 396232
1383 395218
1384 393338
1385 392318
1386 390362
1387 388016
1388 387018
1389 385260
1390 384222
1391 382598
1392 381004
1393 379496
1394 378328
1395 376610
1396 375546
1397 374586
1398 373092
1399 371696
1400 368856
1401 368202
1402 366886
1403 365236
1404 364070
1405 362414
1406 361146
1407 360052
1408 358036
1409 357222
1410 355652
1411 354508
1412 353570
1413 352534
1414 350816
1415 349174
1416 348306
1417 347352
1418 346380
1419 345164
1420 343086
1421 342224
1422 340686
1423 339906
1424 338792
1425 338036
1426 336188
1427 334678
1428 333278
1429 332550
1430 331386
1431 329870
1432 329172
1433 327446
1434 326384
1435 324624
1436 324148
1437 323232
1438 322028
1439 319754
1440 318798
1441 316606
1442 316760
1443 316074
1444 314738
1445 313504
1446 311704
1447 311542
1448 309742
1449 308730
1450 307628
1451 306482
1452 304982
1453 303488
1454 302740
1455 302440
1456 300892
1457 299606
1458 297788
1459 297944
1460 296718
1461 295102
1462 294164
1463 293402
1464 292682
1465 291902
1466 290370
1467 289054
1468 288384
1469 287006
1470 286444
1471 285126
1472 283794
1473 283174
1474 281574
1475 281646
1476 279980
1477 278976
1478 277518
1479 276766
1480 276042
1481 274820
1482 273688
1483 273490
1484 272608
1485 271234
1486 269986
1487 269106
1488 268396
1489 267114
1490 266658
1491 265192
1492 264398
1493 263248
1494 262206
1495 261548
1496 259962
1497 259888
1498 258540
1499 257694
1500 256542
1501 255400
1502 254862
1503 253316
1504 252468
1505 252430
1506 250764
1507 251048
1508 249672
1509 247634
1510 248124
1511 245476
1512 245516
1513 244950
1514 244186
1515 243490
1516 242246
1517 240748
1518 240632
1519 239724
1520 238330
1521 237806
1522 237144
1523 236926
1524 235366
1525 234324
1526 233452
1527 232622
1528 231842
1529 231014
1530 229930
1531 229872
1532 228292
1533 227808
1534 227302
1535 226124
1536 225124
1537 224908
1538 224100
1539 222890
1540 222138
1541 220874
1542 221278
1543 219874
1544 218372
1545 218224
1546 217356
1547 217114
1548 216026
1549 215090
1550 214216
1551 213246
1552 212896
1553 212642
1554 212156
1555 211368
1556 210358
1557 209630
1558 209476
1559 208276
1560 207858
1561 206586
1562 206024
1563 205818
1564 204664
1565 203428
1566 203162
1567 202376
1568 202012
1569 201358
1570 199770
1571 199528
1572 199124
1573 198140
1574 196784
1575 196768
1576 195860
1577 194650
1578 194596
1579 194134
1580 192718
1581 192176
1582 191742
1583 191452
1584 189852
1585 189642
1586 189062
1587 188152
1588 187694
1589 186944
1590 186172
1591 185450
1592 185286
1593 184016
1594 183630
1595 183054
1596 182338
1597 181512
1598 180346
1599 179978
1600 179348
1601 178696
1602 177886
1603 176816
1604 176282
1605 175394
1606 175294
1607 174278
1608 174604
1609 172756
1610 172154
1611 171346
1612 171140
1613 170106
1614 169740
1615 169400
1616 168490
1617 167896
1618 166984
1619 166218
1620 165824
1621 165384
1622 164712
1623 164034
1624 163016
1625 162914
1626 161840
1627 161632
1628 160508
1629 160274
1630 159626
1631 158514
1632 158300
1633 157444
1634 156520
1635 156250
1636 155832
1637 155712
1638 154760
1639 153570
1640 153576
1641 152918
1642 152178
1643 151162
1644 150888
1645 150180
1646 149392
1647 149104
1648 148554
1649 147774
1650 147998
1651 146624
1652 146406
1653 146098
1654 144714
1655 144720
1656 143722
1657 143698
1658 142986
1659 142436
1660 142252
1661 141300
1662 141182
1663 140190
1664 139934
1665 139004
1666 138960
1667 138444
1668 137646
1669 137212
1670 135856
1671 135682
1672 135618
1673 134784
1674 134584
1675 134384
1676 133216
1677 132762
1678 132116
1679 131900
1680 130808
1681 130746
1682 130384
1683 130012
1684 129464
1685 128344
1686 127864
1687 127810
1688 127014
1689 126386
1690 125866
1691 125502
1692 125118
1693 124396
1694 123376
1695 123208
1696 122860
1697 122348
1698 121482
1699 121374
1700 120910
1701 120218
1702 119882
1703 119036
1704 118802
1705 118466
1706 118594
1707 117104
1708 116736
1709 115998
1710 116120
1711 116052
1712 115090
1713 115020
1714 114248
1715 113880
1716 113516
1717 112860
1718 112204
1719 111500
1720 110946
1721 110790
1722 110658
1723 110206
1724 109894
1725 109014
1726 109038
1727 108410
1728 107666
1729 107446
1730 106564
1731 106970
1732 106120
1733 106012
1734 105364
1735 105080
1736 104524
1737 104178
1738 103860
1739 103382
1740 102812
1741 102458
1742 102036
1743 101534
1744 101142
1745 101358
1746 100832
1747 100422
1748 100056
1749 99748
1750 99460
1751 98398
1752 98302
1753 97898
1754 97662
1755 96960
1756 96966
1757 95988
1758 95636
1759 95286
1760 94756
1761 94440
1762 94160
1763 93956
1764 93400
1765 92802
1766 92792
1767 92280
1768 92092
1769 91540
1770 90774
1771 90824
1772 90160
1773 89676
1774 88948
1775 88936
1776 89086
1777 88510
1778 88018
1779 87736
1780 87320
1781 87112
1782 86568
1783 86524
1784 86004
1785 85074
1786 85126
1787 84382
1788 84522
1789 84012
1790 83108
1791 83410
1792 82582
1793 82220
1794 82068
1795 81698
1796 81378
1797 81342
1798 80940
1799 80644
1800 79816
1801 79488
1802 79296
1803 78724
1804 78094
1805 78122
1806 77864
1807 77924
1808 77082
1809 77054
1810 76822
1811 76516
1812 76284
1813 75542
1814 75558
1815 75224
1816 75306
1817 74276
1818 74456
1819 74208
1820 73938
1821 73620
1822 73210
1823 72898
1824 72538
1825 72148
1826 71514
1827 71634
1828 71398
1829 71196
1830 70860
1831 70702
1832 70460
1833 69778
1834 69658
1835 69716
1836 69328
1837 68710
1838 68612
1839 68386
1840 68166
1841 67500
1842 67468
1843 67022
1844 66960
1845 66496
1846 66216
1847 65924
1848 65808
1849 65214
1850 64826
1851 64722
1852 64318
1853 64246
1854 64030
1855 63616
1856 63146
1857 62764
1858 62846
1859 62710
1860 62254
1861 62032
1862 61778
1863 61032
1864 61148
1865 60708
1866 60872
1867 60174
1868 59576
1869 59628
1870 59052
1871 58676
1872 58522
1873 58082
1874 57956
1875 57864
1876 57812
1877 57264
1878 56976
1879 56786
1880 56592
1881 56258
1882 55938
1883 55602
1884 55398
1885 55118
1886 54830
1887 54510
1888 54410
1889 54290
1890 54174
1891 53658
1892 53492
1893 53116
1894 53012
1895 53002
1896 52642
1897 52502
1898 52258
1899 52218
1900 51892
1901 51506
1902 51206
1903 50950
1904 50732
1905 50280
1906 50364
1907 50088
1908 49704
1909 49442
1910 49108
1911 49396
1912 48862
1913 48146
1914 48264
1915 48184
1916 48048
1917 48044
1918 47456
1919 47346
1920 47064
1921 46912
1922 46750
1923 46504
1924 46212
1925 45872
1926 45952
1927 45484
1928 45278
1929 44898
1930 44806
1931 44644
1932 44382
1933 44406
1934 43962
1935 43862
1936 43702
1937 43660
1938 43418
1939 43018
1940 42792
1941 43026
1942 42604
1943 42370
1944 41788
1945 41732
1946 41368
1947 41408
1948 41074
1949 40792
1950 40804
1951 40558
1952 40360
1953 39628
1954 39990
1955 39642
1956 39582
1957 39186
1958 39200
1959 39088
1960 38484
1961 38568
1962 38266
1963 38164
1964 37920
1965 37764
1966 37492
1967 37370
1968 37180
1969 36992
1970 36548
1971 36744
1972 36478
1973 36236
1974 36128
1975 35968
1976 36022
1977 35572
1978 35664
1979 35086
1980 35076
1981 35076
1982 34660
1983 34714
1984 34144
1985 34250
1986 34002
1987 33694
1988 33544
1989 33380
1990 33280
1991 33248
1992 32962
1993 32838
1994 32734
1995 32426
1996 32282
1997 32300
1998 32096
1999 31888
2000 31670
2001 31638
2002 31512
2003 31208
2004 31018
2005 31042
2006 30798
2007 30710
2008 30702
2009 30342
2010 30252
2011 30214
2012 29956
2013 29986
2014 29672
2015 29456
2016 29392
2017 29034
2018 29140
2019 28886
2020 28652
2021 28750
2022 28574
2023 28300
2024 28294
2025 28058
2026 27756
2027 27776
2028 27790
2029 27594
2030 27500
2031 27444
2032 27242
2033 27106
2034 26818
2035 26610
2036 26390
2037 26668
2038 26266
2039 26160
2040 26130
2041 25906
2042 25806
2043 25442
2044 25312
2045 25378
2046 25148
2047 25158
2048 25038
2049 24784
2050 24656
2051 24658
2052 24588
2053 24424
2054 24348
2055 24042
2056 24160
2057 23848
2058 23828
2059 23608
2060 23424
2061 23230
2062 23266
2063 23122
2064 23032
2065 23030
2066 22744
2067 22666
2068 22830
2069 22554
2070 22316
2071 22254
2072 22160
2073 21978
2074 21856
2075 21798
2076 21722
2077 21702
2078 21578
2079 21640
2080 21182
2081 21224
2082 21064
2083 21186
2084 20868
2085 20800
2086 20722
2087 20550
2088 20634
2089 20360
2090 20280
2091 20156
2092 19992
2093 20254
2094 19994
2095 20022
2096 19752
2097 19728
2098 19530
2099 19428
2100 19514
2101 19306
2102 19262
2103 19160
2104 19134
2105 18982
2106 18808
2107 18706
2108 18740
2109 18682
2110 18352
2111 18242
2112 18108
2113 18256
2114 18190
2115 17900
2116 17888
2117 17882
2118 17678
2119 17544
2120 17662
2121 17396
2122 17332
2123 17168
2124 17336
2125 17184
2126 16800
2127 17008
2128 16790
2129 16886
2130 16720
2131 16722
2132 16562
2133 16378
2134 16366
2135 16272
2136 16104
2137 16082
2138 16066
2139 15908
2140 15888
2141 15742
2142 15708
2143 15638
2144 15458
2145 15256
2146 15300
2147 15124
2148 15134
2149 15006
2150 15030
2151 14960
2152 14912
2153 14718
2154 14682
2155 14700
2156 14654
2157 14460
2158 14446
2159 14286
2160 14168
2161 14252
2162 14072
2163 13966
2164 13902
2165 13746
2166 13610
2167 13682
2168 13564
2169 13582
2170 13234
2171 13176
2172 13160
2173 13044
2174 13022
2175 12962
2176 12850
2177 12676
2178 12688
2179 12530
2180 12506
2181 12422
2182 12390
2183 12374
2184 12252
2185 12124
2186 11934
2187 11958
2188 11920
2189 11918
2190 11750
2191 11744
2192 11520
2193 11420
2194 11470
2195 11368
2196 11260
2197 11222
2198 11152
2199 11064
2200 11000
2201 10820
2202 10746
2203 10854
2204 10810
2205 10720
2206 10616
2207 10518
2208 10412
2209 10334
2210 10304
2211 10294
2212 10142
2213 10114
2214 10010
2215 9966
2216 9930
2217 9886
2218 9856
2219 9754
2220 9674
2221 9640
2222 9606
2223 9472
2224 9456
2225 9280
2226 9370
2227 9382
2228 9184
2229 9144
2230 9144
2231 9182
2232 8976
2233 9024
2234 8906
2235 8884
2236 8928
2237 8838
2238 8800
2239 8664
2240 8712
2241 8536
2242 8706
2243 8588
2244 8516
2245 8430
2246 8426
2247 8414
2248 8374
2249 8350
2250 8254
2251 8270
2252 8210
2253 8132
2254 8122
2255 8082
2256 8022
2257 8058
2258 8052
2259 7986
2260 7834
2261 7896
2262 7812
2263 7738
2264 7712
2265 7666
2266 7716
2267 7618
2268 7562
2269 7538
2270 7578
2271 7496
2272 7478
2273 7434
2274 7396
2275 7382
2276 7324
2277 7280
2278 7256
2279 7214
2280 7212
2281 7092
2282 7080
2283 7086
2284 6998
2285 6994
2286 6944
2287 6914
2288 6830
2289 6906
2290 6796
2291 6794
2292 6744
2293 6650
2294 6680
2295 6570
2296 6578
2297 6536
2298 6514
2299 6376
2300 6394
2301 6286
2302 6322
2303 6230
2304 6228
2305 6238
2306 6090
2307 6054
2308 5964
2309 6006
2310 5982
2311 5934
2312 5926
2313 5838
2314 5826
2315 5794
2316 5680
2317 5694
2318 5690
2319 5608
2320 5546
2321 5564
2322 5574
2323 5458
2324 5426
2325 5386
2326 5368
2327 5326
2328 5268
2329 5250
2330 5176
2331 5218
2332 5156
2333 5132
2334 5008
2335 5034
2336 4980
2337 4974
2338 4900
2339 4938
2340 4862
2341 4802
2342 4834
2343 4766
2344 4810
2345 4652
2346 4598
2347 4596
2348 4626
2349 4600
2350 4580
2351 4564
2352 4538
2353 4544
2354 4456
2355 4408
2356 4418
2357 4360
2358 4294
2359 4272
2360 4284
2361 4190
2362 4194
2363 4104
2364 4114
2365 4078
2366 4054
2367 4104
2368 3968
2369 4026
2370 3974
2371 3982
2372 3860
2373 3900
2374 3864
2375 3800
2376 3724
2377 3712
2378 3666
2379 3634
2380 3630
2381 3672
2382 3624
2383 3484
2384 3518
2385 3460
2386 3400
2387 3414
2388 3340
2389 3250
2390 3272
2391 3218
2392 3170
2393 3144
2394 3120
2395 3016
2396 3030
2397 2958
2398 2964
2399 2842
2400 2936
2401 2826
2402 2784
2403 2760
2404 2806
2405 2786
2406 2698
2407 2694
2408 2650
2409 2608
2410 2560
2411 2474
2412 2486
2413 2488
2414 2448
2415 2414
2416 2344
2417 2324
2418 2308
2419 2286
2420 2260
2421 2262
2422 2204
2423 2172
2424 2162
2425 2172
2426 2154
2427 2094
2428 2042
2429 2008
2430 1966
2431 1940
2432 1946
2433 1918
2434 1876
2435 1812
2436 1818
2437 1766
2438 1732
2439 1764
2440 1722
2441 1656
2442 1694
2443 1646
2444 1618
2445 1554
2446 1586
2447 1530
2448 1494
2449 1516
2450 1434
2451 1464
2452 1438
2453 1434
2454 1354
2455 1368
2456 1274
2457 1284
2458 1270
2459 1234
2460 1212
2461 1202
2462 1184
2463 1120
2464 1132
2465 1108
2466 1062
2467 1058
2468 1044
2469 1060
2470 1016
2471 1008
2472 962
2473 980
2474 936
2475 928
2476 956
2477 920
2478 884
2479 868
2480 896
2481 852
2482 824
2483 808
2484 822
2485 780
2486 784
2487 748
2488 758
2489 694
2490 714
2491 680
2492 660
2493 644
2494 628
2495 636
2496 598
2497 588
2498 568
2499 540
2500 556
2501 526
2502 548
2503 514
2504 506
2505 484
2506 472
2507 482
2508 446
2509 424
2510 382
2511 376
2512 382
2513 354
2514 342
2515 326
2516 304
2517 294
2518 276
2519 268
2520 244
2521 228
2522 206
2523 184
2524 168
2525 162
2526 158
2527 158
2528 134
2529 138
2530 114
2531 122
2532 98
2533 96
2534 80
2535 62
2536 70
2537 46
2538 44
2539 38
2540 36
2541 36
2542 28
2543 28
2544 24
2545 28
2546 12
2547 12
2548 6
2549 4
2550 0
2551 0
2552 0
2553 0
2554 0
2555 0
2556 0
2557 0
2558 0
2559 0
2560 0
2561 0
2562 0
2563 0
2564 0
2565 0
2566 0
2567 0
2568 0
2569 0
2570 0
2571 0
2572 0
2573 0
2574 0
2575 0
2576 0
2577 0
2578 0
2579 0
2580 0
2581 0
2582 0
2583 0
2584 0
2585 0
2586 0
2587 0
2588 0
2589 0
2590 0
2591 0
2592 0
2593 0
2594 0
2595 0
2596 0
2597 0
2598 0
2599 0
2600 0
2601 0
2602 0
2603 0
2604 0
2605 0
2606 0
2607 0
2608 0
2609 0
2610 0
2611 0
2612 0
2613 0
2614 0
2615 0
2616 0
2617 0
2618 0
2619 0
2620 0
2621 0
2622 0
2623 0
2624 0
2625 0
2626 0
2627 0
2628 0
2629 0
2630 0
2631 0
2632 0
2633 0
2634 0
2635 0
2636 0
2637 0
2638 0
2639 0
2640 0
2641 0
2642 0
2643 0
2644 0
2645 0
2646 0
2647 0
2648 0
2649 0
2650 0
2651 0
2652 0
2653 0
2654 0
2655 0
2656 0
2657 0
2658 0
2659 0
2660 0
2661 0
2662 0
2663 0
2664 0
2665 0
2666 0
2667 0
2668 0
2669 0
2670 0
2671 0
2672 0
2673 0
2674 0
2675 0
2676 0
2677 0
2678 0
2679 0
2680 0
2681 0
2682 0
2683 0
2684 0
2685 0
2686 0
2687 0
2688 0
2689 0
2690 0
2691 0
2692 0
2693 0
2694 0
2695 0
2696 0
2697 0
2698 0
2699 0
2700 0
2701 0
2702 0
2703 0
2704 0
2705 0
2706 0
2707 0
2708 0
2709 0
2710 0
2711 0
2712 0
2713 0
2714 0
2715 0
2716 0
2717 0
2718 0
2719 0
2720 0
2721 0
2722 0
2723 0
2724 0
2725 0
2726 0
2727 0
2728 0
2729 0
2730 0
2731 0
2732 0
2733 0
2734 0
2735 0
2736 0
2737 0
2738 0
2739 0
2740 0
2741 0
2742 0
2743 0
2744 0
2745 0
2746 0
2747 0
2748 0
2749 0
2750 0
2751 0
2752 0
2753 0
2754 0
2755 0
2756 0
2757 0
2758 0
2759 0
2760 0
2761 0
2762 0
2763 0
2764 0
2765 0
2766 0
2767 0
2768 0
2769 0
2770 0
2771 0
2772 0
2773 0
2774 0
2775 0
2776 0
2777 0
2778 0
2779 0
2780 0
2781 0
2782 0
2783 0
2784 0
2785 0
2786 0
2787 0
2788 0
2789 0
2790 0
2791 0
2792 0
2793 0
2794 0
2795 0
2796 0
2797 0
2798 0
2799 0
2800 0
2801 0
2802 0
2803 0
2804 0
2805 0
2806 0
2807 0
2808 0
2809 0
2810 0
2811 0
2812 0
2813 0
2814 0
2815 0
2816 0
2817 0
2818 0
2819 0
2820 0
2821 0
2822 0
2823 0
2824 0
2825 0
2826 0
2827 0
2828 0
2829 0
2830 0
2831 0
2832 0
2833 0
2834 0
2835 0
2836 0
2837 0
2838 0
2839 0
2840 0
2841 0
2842 0
2843 0
2844 0
2845 0
2846 0
2847 0
2848 0
2849 0
2850 0
2851 0
2852 0
2853 0
2854 0
2855 0
2856 0
2857 0
2858 0
2859 0
2860 0
2861 0
2862 0
2863 0
2864 0
2865 0
2866 0
2867 0
2868 0
2869 0
2870 0
2871 0
2872 0
2873 0
2874 0
2875 0
2876 0
2877 0
2878 0
2879 0
2880 0
2881 0
2882 0
2883 0
2884 0
2885 0
2886 0
2887 0
2888 0
2889 0
2890 0
2891 0
2892 0
2893 0
2894 0
2895 0
2896 0
2897 0
2898 0
2899 0
2900 0
2901 0
2902 0
2903 0
2904 0
2905 0
2906 0
2907 0
2908 0
2909 0
2910 0
2911 0
2912 0
2913 0
2914 0
2915 0
2916 0
2917 0
2918 0
2919 0
2920 0
2921 0
2922 0
2923 0
2924 0
2925 0
2926 0
2927 0
2928 0
2929 0
2930 0
2931 0
2932 0
2933 0
2934 0
2935 0
2936 0
2937 0
2938 0
2939 0
2940 0
2941 0
2942 0
2943 0
2944 0
2945 0
2946 0
2947 0
2948 0
2949 0
2950 0
2951 0
2952 0
2953 0
2954 0
2955 0
2956 0
2957 0
2958 0
2959 0
2960 0
2961 0
2962 0
2963 0
2964 0
2965 0
2966 0
2967 0
2968 0
2969 0
2970 0
2971 0
2972 0
2973 0
2974 0
2975 0
2976 0
2977 0
2978 0
2979 0
2980 0
2981 0
2982 0
2983 0
2984 0
2985 0
2986 0
2987 0
2988 0
2989 0
2990 0
2991 0
2992 0
2993 0
2994 0
2995 0
2996 0
2997 0
2998 0
2999 0
3000 0
3001 0
3002 0
3003 0
3004 0
3005 0
3006 0
3007 0
3008 0
3009 0
3010 0
3011 0
3012 0
3013 0
3014 0
3015 0
3016 0
3017 0
3018 0
3019 0
3020 0
3021 0
3022 0
3023 0
3024 0
3025 0
3026 0
3027 0
3028 0
3029 0
3030 0
3031 0
3032 0
3033 0
3034 0
3035 0
3036 0
3037 0
3038 0
3039 0
3040 0
3041 0
3042 0
3043 0
3044 0
3045 0
3046 0
3047 0
3048 0
3049 0
3050 0
3051 0
3052 0
3053 0
3054 0
3055 0
3056 0
3057 0
3058 0
3059 0
3060 0
3061 0
3062 0
3063 0
3064 0
3065 0
3066 0
3067 0
3068 0
3069 0
3070 0
3071 0
3072 0
3073 0
3074 0
3075 0
3076 0
3077 0
3078 0
3079 0
3080 0
3081 0
3082 0
3083 0
3084 0
3085 0
3086 0
3087 0
3088 0
3089 0
3090 0
3091 0
3092 0
3093 0
3094 0
3095 0
3096 0
3097 0
3098 0
3099 0
3100 0
3101 0
3102 0
3103 0
3104 0
3105 0
3106 0
3107 0
3108 0
3109 0
3110 0
3111 0
3112 0
3113 0
3114 0
3115 0
3116 0
3117 0
3118 0
3119 0
3120 0
3121 0
3122 0
3123 0
3124 0
3125 0
3126 0
3127 0
3128 0
3129 0
3130 0
3131 0
3132 0
3133 0
3134 0
3135 0
3136 0
3137 0
3138 0
3139 0
3140 0
3141 0
3142 0
3143 0
3144 0
3145 0
3146 0
3147 0
3148 0
3149 0
3150 0
3151 0
3152 0
3153 0
3154 0
3155 0
3156 0
3157 0
3158 0
3159 0
3160 0
3161 0
3162 0
3163 0
3164 0
3165 0
3166 0
3167 0
3168 0
3169 0
3170 0
3171 0
3172 0
3173 0
3174 0
3175 0
3176 0
3177 0
3178 0
3179 0
3180 0
3181 0
3182 0
3183 0
3184 0
3185 0
3186 0
3187 0
3188 0
3189 0
3190 0
3191 0
3192 0
3193 0
3194 0
3195 0
3196 0
3197 0
3198 0
3199 0
3200 0
3201 0
3202 0
3203 0
3204 0
3205 0
3206 0
3207 0
3208 0
3209 0
3210 0
3211 0
3212 0
3213 0
3214 0
3215 0
3216 0
3217 0
3218 0
3219 0
3220 0
3221 0
3222 0
3223 0
3224 0
3225 0
3226 0
3227 0
3228 0
3229 0
3230 0
3231 0
3232 0
3233 0
3234 0
3235 0
3236 0
3237 0
3238 0
3239 0
3240 0
3241 0
3242 0
3243 0
3244 0
3245 0
3246 0
3247 0
3248 0
3249 0
3250 0
3251 0
3252 0
3253 0
3254 0
3255 0
3256 0
3257 0
3258 0
3259 0
3260 0
3261 0
3262 0
3263 0
3264 0
3265 0
3266 0
3267 0
3268 0
3269 0
3270 0
3271 0
3272 0
3273 0
3274 0
3275 0
3276 0
3277 0
3278 0
3279 0
3280 0
3281 0
3282 0
3283 0
3284 0
3285 0
3286 0
3287 0
3288 0
3289 0
3290 0
3291 0
3292 0
3293 0
3294 0
3295 0
3296 0
3297 0
3298 0
3299 0
3300 0
3301 0
3302 0
3303 0
3304 0
3305 0
3306 0
3307 0
3308 0
3309 0
3310 0
3311 0
3312 0
3313 0
3314 0
3315 0
3316 0
3317 0
3318 0
3319 0
3320 0
3321 0
3322 0
3323 0
3324 0
3325 0
3326 0
3327 0
3328 0
3329 0
3330 0
3331 0
3332 0
3333 0
3334 0
3335 0
3336 0
3337 0
3338 0
3339 0
3340 0
3341 0
3342 0
3343 0
3344 0
3345 0
3346 0
3347 0
3348 0
3349 0
3350 0
3351 0
3352 0
3353 0
3354 0
3355 0
3356 0
3357 0
3358 0
3359 0
3360 0
3361 0
3362 0
3363 0
3364 0
3365 0
3366 0
3367 0
3368 0
3369 0
3370 0
3371 0
3372 0
3373 0
3374 0
3375 0
3376 0
3377 0
3378 0
3379 0
3380 0
3381 0
3382 0
3383 0
3384 0
3385 0
3386 0
3387 0
3388 0
3389 0
3390 0
3391 0
3392 0
3393 0
3394 0
3395 0
3396 0
3397 0
3398 0
3399 0
3400 0
3401 0
3402 0
3403 0
3404 0
3405 0
3406 0
3407 0
3408 0
3409 0
3410 0
3411 0
3412 0
3413 0
3414 0
3415 0
3416 0
3417 0
3418 0
3419 0
3420 0
3421 0
3422 0
3423 0
3424 0
3425 0
3426 0
3427 0
3428 0
3429 0
3430 0
3431 0
3432 0
3433 0
3434 0
3435 0
3436 0
3437 0
3438 0
3439 0
3440 0
3441 0
3442 0
3443 0
3444 0
3445 0
3446 0
3447 0
3448 0
3449 0
3450 0
3451 0
3452 0
3453 0
3454 0
3455 0
3456 0
3457 0
3458 0
3459 0
3460 0
3461 0
3462 0
3463 0
3464 0
3465 0
3466 0
3467 0
3468 0
3469 0
3470 0
3471 0
3472 0
3473 0
3474 0
3475 0
3476 0
3477 0
3478 0
3479 0
3480 0
3481 0
3482 0
3483 0
3484 0
3485 0
3486 0
3487 0
3488 0
3489 0
3490 0
3491 0
3492 0
3493 0
3494 0
3495 0
3496 0
3497 0
3498 0
3499 0
3500 0
3501 0
3502 0
3503 0
3504 0
3505 0
3506 0
3507 0
3508 0
3509 0
3510 0
3511 0
3512 0
3513 0
3514 0
3515 0
3516 0
3517 0
3518 0
3519 0
3520 0
3521 0
3522 0
3523 0
3524 0
3525 0
3526 0
3527 0
3528 0
3529 0
3530 0
3531 0
3532 0
3533 0
3534 0
3535 0
3536 0
3537 0
3538 0
3539 0
3540 0
3541 0
3542 0
3543 0
3544 0
3545 0
3546 0
3547 0
3548 0
3549 0
3550 0
3551 0
3552 0
3553 0
3554 0
3555 0
3556 0
3557 0
3558 0
3559 0
3560 0
3561 0
3562 0
3563 0
3564 0
3565 0
3566 0
3567 0
3568 0
3569 0
3570 0
3571 0
3572 0
3573 0
3574 0
3575 0
3576 0
3577 0
3578 0
3579 0
3580 0
3581 0
3582 0
3583 0
3584 0
3585 0
3586 0
3587 0
3588 0
3589 0
3590 0
3591 0
3592 0
3593 0
3594 0
3595 0
3596 0
3597 0
3598 0
3599 0
3600 0
3601 0
3602 0
3603 0
3604 0
3605 0
3606 0
3607 0
3608 0
3609 0
3610 0
3611 0
3612 0
3613 0
3614 0
3615 0
3616 0
3617 0
3618 0
3619 0
3620 0
3621 0
3622 0
3623 0
3624 0
3625 0
3626 0
3627 0
3628 0
3629 0
3630 0
3631 0
3632 0
3633 0
3634 0
3635 0
3636 0
3637 0
3638 0
3639 0
3640 0
3641 0
3642 0
3643 0
3644 0
3645 0
3646 0
3647 0
3648 0
3649 0
3650 0
3651 0
3652 0
3653 0
3654 0
3655 0
3656 0
3657 0
3658 0
3659 0
3660 0
3661 0
3662 0
3663 0
3664 0
3665 0
3666 0
3667 0
3668 0
3669 0
3670 0
3671 0
3672 0
3673 0
3674 0
3675 0
3676 0
3677 0
3678 0
3679 0
3680 0
3681 0
3682 0
3683 0
3684 0
3685 0
3686 0
3687 0
3688 0
3689 0
3690 0
3691 0
3692 0
3693 0
3694 0
3695 0
3696 0
3697 0
3698 0
3699 0
3700 0
3701 0
3702 0
3703 0
3704 0
3705 0
3706 0
3707 0
3708 0
3709 0
3710 0
3711 0
3712 0
3713 0
3714 0
3715 0
3716 0
3717 0
3718 0
3719 0
3720 0
3721 0
3722 0
3723 0
3724 0
3725 0
3726 0
3727 0
3728 0
3729 0
3730 0
3731 0
3732 0
3733 0
3734 0
3735 0
3736 0
3737 0
3738 0
3739 0
3740 0
3741 0
3742 0
3743 0
3744 0
3745 0
3746 0
3747 0
3748 0
3749 0
3750 0
3751 0
3752 0
3753 0
3754 0
3755 0
3756 0
3757 0
3758 0
3759 0
3760 0
3761 0
3762 0
3763 0
3764 0
3765 0
3766 0
3767 0
3768 0
3769 0
3770 0
3771 0
3772 0
3773 0
3774 0
3775 0
3776 0
3777 0
3778 0
3779 0
3780 0
3781 0
3782 0
3783 0
3784 0
3785 0
3786 0
3787 0
3788 0
3789 0
3790 0
3791 0
3792 0
3793 0
3794 0
3795 0
3796 0
3797 0
3798 0
3799 0
3800 0
3801 0
3802 0
3803 0
3804 0
3805 0
3806 0
3807 0
3808 0
3809 0
3810 0
3811 0
3812 0
3813 0
3814 0
3815 0
3816 0
3817 0
3818 0
3819 0
3820 0
3821 0
3822 0
3823 0
3824 0
3825 0
3826 0
3827 0
3828 0
3829 0
3830 0
3831 0
3832 0
3833 0
3834 0
3835 0
3836 0
3837 0
3838 0
3839 0
3840 0
3841 0
3842 0
3843 0
3844 0
3845 0
3846 0
3847 0
3848 0
3849 0
3850 0
3851 0
3852 0
3853 0
3854 0
3855 0
3856 0
3857 0
3858 0
3859 0
3860 0
3861 0
3862 0
3863 0
3864 0
3865 0
3866 0
3867 0
3868 0
3869 0
3870 0
3871 0
3872 0
3873 0
3874 0
3875 0
3876 0
3877 0
3878 0
3879 0
3880 0
3881 0
3882 0
3883 0
3884 0
3885 0
3886 0
3887 0
3888 0
3889 0
3890 0
3891 0
3892 0
3893 0
3894 0
3895 0
3896 0
3897 0
3898 0
3899 0
3900 0
3901 0
3902 0
3903 0
3904 0
3905 0
3906 0
3907 0
3908 0
3909 0
3910 0
3911 0
3912 0
3913 0
3914 0
3915 0
3916 0
3917 0
3918 0
3919 0
3920 0
3921 0
3922 0
3923 0
3924 0
3925 0
3926 0
3927 0
3928 0
3929 0
3930 0
3931 0
3932 0
3933 0
3934 0
3935 0
3936 0
3937 0
3938 0
3939 0
3940 0
3941 0
3942 0
3943 0
3944 0
3945 0
3946 0
3947 0
3948 0
3949 0
3950 0
3951 0
3952 0
3953 0
3954 0
3955 0
3956 0
3957 0
3958 0
3959 0
3960 0
3961 0
3962 0
3963 0
3964 0
3965 0
3966 0
3967 0
3968 0
3969 0
3970 0
3971 0
3972 0
3973 0
3974 0
3975 0
3976 0
3977 0
3978 0
3979 0
3980 0
3981 0
3982 0
3983 0
3984 0
3985 0
3986 0
3987 0
3988 0
3989 0
3990 0
3991 0
3992 0
3993 0
3994 0
3995 0
3996 0
3997 0
3998 0
3999 0
4000 0
4001 0
4002 0
4003 0
4004 0
4005 0
4006 0
4007 0
4008 0
4009 0
4010 0
4011 0
4012 0
4013 0
4014 0
4015 0
4016 0
4017 0
4018 0
4019 0
4020 0
4021 0
4022 0
4023 0
4024 0
4025 0
4026 0
4027 0
4028 0
4029 0
4030 0
4031 0
4032 0
4033 0
4034 0
4035 0
4036 0
4037 0
4038 0
4039 0
4040 0
4041 0
4042 0
4043 0
4044 0
4045 0
4046 0
4047 0
4048 0
4049 0
4050 0
4051 0
4052 0
4053 0
4054 0
4055 0
4056 0
4057 0
4058 0
4059 0
4060 0
4061 0
4062 0
4063 0
4064 0
4065 0
4066 0
4067 0
4068 0
4069 0
4070 0
4071 0
4072 0
4073 0
4074 0
4075 0
4076 0
4077 0
4078 0
4079 0
4080 0
4081 0
4082 0
4083 0
4084 0
4085 0
4086 0
4087 0
4088 0
4089 0
4090 0
4091 0
4092 0
4093 0
4094 0
4095 0
