0 5529600
1 11057400
2 64529986
3 107992422
4 106974156
5 105853476
6 104808782
7 103647606
8 102600524
9 101515116
10 100382772
11 99337612
12 98233812
13 97214300
14 96119150
15 95541946
16 94996334
17 94433130
18 93897488
19 93356974
20 92784818
21 92233872
22 91679738
23 91313820
24 90960276
25 90619352
26 90253618
27 89870546
28 89513284
29 89168494
30 88821420
31 88438268
32 88086874
33 87687800
34 87361378
35 86975490
36 86590516
37 86222060
38 85870178
39 85492848
40 85122034
41 84765318
42 84401614
43 84010426
44 83661804
45 83273998
46 82910778
47 82616552
48 82284614
49 81924824
50 81620738
51 81287974
52 80973514
53 80656784
54 80343568
55 80009912
56 79659068
57 79338414
58 79005658
59 78674008
60 78357112
61 78028050
62 77738742
63 77467520
64 77146146
65 76861956
66 76573258
67 76289330
68 75982894
69 75692538
70 75431154
71 75150156
72 74896408
73 74619434
74 74346508
75 74088790
76 73838096
77 73556436
78 73305778
79 73038672
80 72787908
81 72570604
82 72313242
83 72059116
84 71832448
85 71580974
86 71356150
87 71095436
88 70884038
89 70649054
90 70410202
91 70178496
92 69936836
93 69709210
94 69477890
95 69246726
96 69032686
97 68807078
98 68587036
99 68383784
100 68165536
101 67949258
102 67727614
103 67522104
104 67317846
105 67101336
106 66885976
107 66673138
108 66460758
109 66236806
110 66034308
111 65837542
112 65621702
113 65398442
114 65192276
115 64948026
116 64754202
117 64529998
118 64321080
119 64112692
120 63895014
121 63679950
122 63475892
123 63247318
124 63061300
125 62855574
126 62626356
127 62410038
128 62204192
129 61986906
130 61786852
131 61560416
132 61373860
133 61179684
134 60988834
135 60750124
136 60566588
137 60333326
138 60144786
139 59930642
140 59767670
141 59574498
142 59377484
143 59190110
144 59011848
145 58791746
146 58620378
147 58452056
148 58248268
149 58039486
150 57861508
151 57691454
152 57513740
153 57334816
154 57162736
155 56987874
156 56833584
157 56648690
158 56479394
159 56301368
160 56137780
161 55962114
162 55796482
163 55621820
164 55447272
165 55289450
166 55120652
167 54959090
168 54812520
169 54650138
170 54470826
171 54326484
172 54135606
173 53982886
174 53805026
175 53648160
176 53484800
177 53312648
178 53161740
179 52983872
180 52842474
181 52688712
182 52545858
183 52385726
184 52243664
185 52070952
186 51919310
187 51792450
188 51650522
189 51491800
190 51361386
191 51192670
192 51083322
193 50929200
194 50773282
195 50616686
196 50509728
197 50364374
198 50217936
199 50068318
200 49937450
201 49793944
202 49650878
203 49525662
204 49362840
205 49246076
206 49086930
207 48953110
208 48807912
209 48662002
210 48525422
211 48404814
212 48276682
213 48138180
214 47987192
215 47882748
216 47739856
217 47605366
218 47472912
219 47354048
220 47205628
221 47072284
222 46960694
223 46827084
224 46683288
225 46545116
226 46413758
227 46280624
228 46146242
229 46034274
230 45892272
231 45772248
232 45649546
233 45517382
234 45375706
235 45257790
236 45137792
237 44994712
238 44854582
239 44741822
240 44602096
241 44487148
242 44358812
243 44212946
244 44107052
245 43977166
246 43837802
247 43724768
248 43598608
249 43481562
250 43359392
251 43233470
252 43113198
253 42995450
254 42881206
255 42754786
256 42650248
257 42520324
258 42387264
259 42276202
260 42145528
261 42020750
262 41911704
263 41797000
264 41691692
265 41579542
266 41446272
267 41328832
268 41231218
269 41106918
270 40996992
271 40877766
272 40778548
273 40664052
274 40544502
275 40452036
276 40322502
277 40206408
278 40099376
279 39980722
280 39860324
281 39768402
282 39647862
283 39562948
284 39447840
285 39339440
286 39231066
287 39127622
288 39008784
289 38905900
290 38801242
291 38705542
292 38590418
293 38490032
294 38392836
295 38273018
296 38172240
297 38071434
298 37972918
299 37861996
300 37766162
301 37651656
302 37561324
303 37444494
304 37340586
305 37234268
306 37152964
307 37032688
308 36930818
309 36825688
310 36711456
311 36629146
312 36529132
313 36415774
314 36314814
315 36214698
316 36119784
317 36007926
318 35915924
319 35819598
320 35738312
321 35640248
322 35531960
323 35447248
324 35359110
325 35254270
326 35153462
327 35058898
328 34962244
329 34859392
330 34780062
331 34679806
332 34588802
333 34492848
334 34394800
335 34301182
336 34216096
337 34129264
338 34036524
339 33937542
340 33835420
341 33752510
342 33658672
343 33572960
344 33483324
345 33391626
346 33316920
347 33232904
348 33123596
349 33047008
350 32966714
351 32881602
352 32805936
353 32710218
354 32624766
355 32536864
356 32449328
357 32371532
358 32270834
359 32217520
360 32123554
361 32040322
362 31963490
363 31869324
364 31794466
365 31712530
366 31638774
367 31549582
368 31465682
369 31378956
370 31306864
371 31237304
372 31134470
373 31057200
374 30984952
375 30914516
376 30828382
377 30744614
378 30676698
379 30598176
380 30507096
381 30435714
382 30354338
383 30287542
384 30196050
385 30121482
386 30047194
387 29962152
388 29891150
389 29810152
390 29734106
391 29658178
392 29585028
393 29504342
394 29433108
395 29359118
396 29282462
397 29204538
398 29132730
399 29057458
400 28977746
401 28890760
402 28842206
403 28775194
404 28688200
405 28611308
406 28549124
407 28468218
408 28408400
409 28316358
410 28238186
411 28182060
412 28109308
413 28034904
414 27959016
415 27884098
416 27814460
417 27742404
418 27677830
419 27609550
420 27538194
421 27468118
422 27408250
423 27334276
424 27281490
425 27208332
426 27135332
427 27074766
428 27001488
429 26935216
430 26857360
431 26803256
432 26724462
433 26647934
434 26591452
435 26518716
436 26455858
437 26402932
438 26328344
439 26263314
440 26190704
441 26136722
442 26068686
443 26006328
444 25958476
445 25886294
446 25817496
447 25764276
448 25699504
449 25623082
450 25566022
451 25499824
452 25435254
453 25389048
454 25319036
455 25246682
456 25184872
457 25121706
458 25060300
459 24996110
460 24942014
461 24875810
462 24818922
463 24763682
464 24699708
465 24641778
466 24575214
467 24517342
468 24453606
469 24387730
470 24336760
471 24272900
472 24216868
473 24155286
474 24096708
475 24035018
476 23978796
477 23917898
478 23863622
479 23807064
480 23743714
481 23696854
482 23634402
483 23574168
484 23509052
485 23467276
486 23402568
487 23350214
488 23294648
489 23232160
490 23183990
491 23130204
492 23074644
493 23012850
494 22965774
495 22892952
496 22862144
497 22804058
498 22736280
499 22690306
500 22630934
501 22586778
502 22523660
503 22471032
504 22423480
505 22366164
506 22311808
507 22258170
508 22191800
509 22141748
510 22085590
511 22051404
512 21993976
513 21940052
514 21880924
515 21829496
516 21780298
517 21726602
518 21680534
519 21631190
520 21571714
521 21516686
522 21462304
523 21419280
524 21360784
525 21306920
526 21252242
527 21205742
528 21155136
529 21101034
530 21063586
531 21005950
532 20962650
533 20908902
534 20860680
535 20821120
536 20768588
537 20729500
538 20678424
539 20624010
540 20576258
541 20528158
542 20482314
543 20429768
544 20397782
545 20338964
546 20282968
547 20246738
548 20209396
549 20148964
550 20109608
551 20058444
552 20012450
553 19956908
554 19926574
555 19868510
556 19819062
557 19771746
558 19723752
559 19679006
560 19634866
561 19586454
562 19547990
563 19501846
564 19448766
565 19405902
566 19353474
567 19310522
568 19266094
569 19213552
570 19166892
571 19129820
572 19080008
573 19038076
574 18987262
575 18936742
576 18904858
577 18855430
578 18811606
579 18774314
580 18726262
581 18677676
582 18647964
583 18591622
584 18548380
585 18509800
586 18461196
587 18420372
588 18382922
589 18339270
590 18292656
591 18247344
592 18206072
593 18160758
594 18115350
595 18076662
596 18037410
597 17996640
598 17948412
599 17912022
600 17866074
601 17828950
602 17784844
603 17732928
604 17702272
605 17665024
606 17616298
607 17583182
608 17529454
609 17490950
610 17455426
611 17405890
612 17372730
613 17341214
614 17287002
615 17256612
616 17218472
617 17172450
618 17125766
619 17089438
620 17059570
621 17011930
622 16967836
623 16928890
624 16897428
625 16859392
626 16813442
627 16778962
628 16750734
629 16696414
630 16652696
631 16617922
632 16576564
633 16547484
634 16499638
635 16461528
636 16420964
637 16385950
638 16341210
639 16306094
640 16260376
641 16231586
642 16193178
643 16162558
644 16118676
645 16077150
646 16040732
647 16008666
648 15971212
649 15936430
650 15899100
651 15860230
652 15827194
653 15801568
654 15755054
655 15714792
656 15682492
657 15649086
658 15623456
659 15571742
660 15543754
661 15517730
662 15466908
663 15438130
664 15408930
665 15372906
666 15331690
667 15302402
668 15266978
669 15226322
670 15200378
671 15162842
672 15132444
673 15092968
674 15059478
675 15030366
676 14995428
677 14967528
678 14928798
679 14897516
680 14864614
681 14836040
682 14799310
683 14757868
684 14726294
685 14688376
686 14653186
687 14619358
688 14596216
689 14561114
690 14532638
691 14481278
692 14454408
693 14418000
694 14398278
695 14357936
696 14325556
697 14291254
698 14249716
699 14225940
700 14193622
701 14159960
702 14125002
703 14089254
704 14069548
705 14023012
706 13998372
707 13965224
708 13925768
709 13898202
710 13865646
711 13836964
712 13796462
713 13766440
714 13730238
715 13705176
716 13665330
717 13635300
718 13600526
719 13567198
720 13543946
721 13502164
722 13476618
723 13440016
724 13412160
725 13383252
726 13351146
727 13321094
728 13292064
729 13249240
730 13221072
731 13193158
732 13166156
733 13136898
734 13096484
735 13063826
736 13036886
737 12998052
738 12975072
739 12945314
740 12918040
741 12884682
742 12853794
743 12825968
744 12794938
745 12759802
746 12737480
747 12709008
748 12676536
749 12644918
750 12619256
751 12580068
752 12558314
753 12531716
754 12503996
755 12465628
756 12438830
757 12403422
758 12371266
759 12348552
760 12319642
761 12294600
762 12256884
763 12234450
764 12197320
765 12176966
766 12150732
767 12119528
768 12085776
769 12068048
770 12036060
771 12004818
772 11982332
773 11951440
774 11925062
775 11897932
776 11866886
777 11838730
778 11810846
779 11788560
780 11753046
781 11734240
782 11698174
783 11673080
784 11644614
785 11629108
786 11599440
787 11568208
788 11541390
789 11513762
790 11482950
791 11466968
792 11436988
793 11409008
794 11376674
795 11356500
796 11329900
797 11302976
798 11278202
799 11249406
800 11223636
801 11202140
802 11183950
803 11154136
804 11120676
805 11105692
806 11079164
807 11056986
808 11029614
809 11008026
810 10981236
811 10953766
812 10931656
813 10905842
814 10880056
815 10861068
816 10832594
817 10809652
818 10790168
819 10763046
820 10737674
821 10715962
822 10691028
823 10670174
824 10650050
825 10625772
826 10597046
827 10574576
828 10547114
829 10529684
830 10509400
831 10479382
832 10457732
833 10435202
834 10415888
835 10388694
836 10368996
837 10340202
838 10321616
839 10295652
840 10276366
841 10251022
842 10226524
843 10205850
844 10181338
845 10164368
846 10138686
847 10115124
848 10096328
849 10083316
850 10047942
851 10034088
852 10001972
853 9986928
854 9964740
855 9942064
856 9924512
857 9895658
858 9875626
859 9854964
860 9833816
861 9810340
862 9790602
863 9772010
864 9743290
865 9722666
866 9709788
867 9679314
868 9657700
869 9637794
870 9618112
871 9597592
872 9569200
873 9546594
874 9526066
875 9501340
876 9478592
877 9460216
878 9444928
879 9419258
880 9396510
881 9374676
882 9351692
883 9341146
884 9313580
885 9288352
886 9273674
887 9250558
888 9227366
889 9211698
890 9188342
891 9170426
892 9143836
893 9125988
894 9103474
895 9081680
896 9062230
897 9045248
898 9029008
899 8998830
900 8977876
901 8958076
902 8944490
903 8920242
904 8892444
905 8872436
906 8857684
907 8834488
908 8820310
909 8796146
910 8784498
911 8762200
912 8738904
913 8722490
914 8702160
915 8684294
916 8659428
917 8642038
918 8625552
919 8602930
920 8584590
921 8568122
922 8545746
923 8526754
924 8501898
925 8492902
926 8471406
927 8449886
928 8433184
929 8416070
930 8394720
931 8376784
932 8357408
933 8337590
934 8317042
935 8301044
936 8284342
937 8266846
938 8248326
939 8228696
940 8214902
941 8191164
942 8175374
943 8162690
944 8135810
945 8130048
946 8106634
947 8084514
948 8064408
949 8051270
950 8041274
951 8023430
952 8005534
953 7983656
954 7971070
955 7955348
956 7931118
957 7915722
958 7901688
959 7884662
960 7869746
961 7848988
962 7833056
963 7818530
964 7794528
965 7774322
966 7762772
967 7744706
968 7721856
969 7703596
970 7695938
971 7675586
972 7655254
973 7643762
974 7621640
975 7610394
976 7585946
977 7573472
978 7554604
979 7540334
980 7516142
981 7506892
982 7489350
983 7472926
984 7458718
985 7439802
986 7422092
987 7407530
988 7393536
989 7381550
990 7357212
991 7341894
992 7324542
993 7313006
994 7292936
995 7273538
996 7257668
997 7251648
998 7227104
999 7210594
1000 7199480
1001 7188796
1002 7172106
1003 7150720
1004 7132308
1005 7118310
1006 7104788
1007 7092562
1008 7072934
1009 7056358
1010 7036958
1011 7024936
1012 7010400
1013 6997530
1014 6978712
1015 6958988
1016 6949556
1017 6932872
1018 6917572
1019 6907048
1020 6893914
1021 6869994
1022 6856862
1023 6842588
1024 6825852
1025 6808824
1026 6789828
1027 6780884
1028 6766206
1029 6747578
1030 6731342
1031 6717204
1032 6703876
1033 6691082
1034 6674642
1035 6659062
1036 6644112
1037 6630972
1038 6613130
1039 6602290
1040 6586608
1041 6568828
1042 6556392
1043 6542554
1044 6529702
1045 6510470
1046 6501346
1047 6484452
1048 6469524
1049 6457658
1050 6444086
1051 6428598
1052 6409880
1053 6400600
1054 6381504
1055 6367736
1056 6352770
1057 6343352
1058 6328796
1059 6313676
1060 6298372
1061 6277256
1062 6266168
1063 6253764
1064 6237410
1065 6221104
1066 6210852
1067 6192082
1068 6182028
1069 6167138
1070 6147842
1071 6135632
1072 6122058
1073 6108118
1074 6094588
1075 6081192
1076 6068966
1077 6051624
1078 6036264
1079 6029174
1080 6013302
1081 5993614
1082 5981530
1083 5970992
1084 5954770
1085 5943930
1086 5929330
1087 5916588
1088 5900650
1089 5886000
1090 5877146
1091 5863676
1092 5845558
1093 5832848
1094 5823076
1095 5805600
1096 5793196
1097 5779426
1098 5768662
1099 5748506
1100 5741740
1101 5726674
1102 5713272
1103 5698882
1104 5685480
1105 5672634
1106 5662008
1107 5645232
1108 5635560
1109 5623558
1110 5606330
1111 5595736
1112 5580654
1113 5569850
1114 5555892
1115 5542084
1116 5530842
1117 5516138
1118 5506682
1119 5492380
1120 5479602
1121 5465244
1122 5450806
1123 5437818
1124 5423344
1125 5415036
1126 5397826
1127 5385392
1128 5373242
1129 5362976
1130 5349958
1131 5333034
1132 5327442
1133 5308200
1134 5297346
1135 5288488
1136 5277848
1137 5262410
1138 5248482
1139 5238042
1140 5229508
1141 5213098
1142 5203456
1143 5189170
1144 5172648
1145 5164820
1146 5152132
1147 5138434
1148 5126516
1149 5118680
1150 5105000
1151 5092478
1152 5080944
1153 5066564
1154 5055160
1155 5045780
1156 5027718
1157 5019932
1158 5006212
1159 4996608
1160 4981768
1161 4971320
1162 4962316
1163 4950176
1164 4937128
1165 4927866
1166 4919618
1167 4901708
1168 4893264
1169 4882136
1170 4875794
1171 4860814
1172 4849338
1173 4838698
1174 4824488
1175 4816310
1176 4807188
1177 4797434
1178 4781190
1179 4769966
1180 4760432
1181 4747720
1182 4742424
1183 4728116
1184 4715682
1185 4704808
1186 4691974
1187 4684766
1188 4671132
1189 4662466
1190 4651736
1191 4641202
1192 4629236
1193 4620378
1194 4605822
1195 4594924
1196 4588152
1197 4576710
1198 4562646
1199 4555936
1200 4539270
1201 4531606
1202 4520648
1203 4511532
1204 4500762
1205 4487610
1206 4477568
1207 4469490
1208 4456338
1209 4447022
1210 4434546
1211 4424588
1212 4413074
1213 4403064
1214 4393850
1215 4382108
1216 4369518
1217 4360794
1218 4353072
1219 4344156
1220 4333228
1221 4322612
1222 4312540
1223 4298810
1224 4289884
1225 4281968
1226 4268426
1227 4259456
1228 4255544
1229 4242004
1230 4233438
1231 4223512
1232 4211276
1233 4201034
1234 4194928
1235 4182656
1236 4171282
1237 4163678
1238 4153766
1239 4142052
1240 4133884
1241 4126122
1242 4113484
1243 4104848
1244 4090480
1245 4081850
1246 4067774
1247 4063646
1248 4054376
1249 4043326
1250 4032072
1251 4027966
1252 4020992
1253 4008968
1254 4000416
1255 3989244
1256 3979384
1257 3971416
1258 3962650
1259 3951678
1260 3942810
1261 3935118
1262 3923342
1263 3917048
1264 3905668
1265 3893628
1266 3889804
1267 3873838
1268 3868584
1269 3860916
1270 3850220
1271 3843928
1272 3832830
1273 3821256
1274 3817066
1275 3808712
1276 3794010
1277 3789120
1278 3780772
1279 3769386
1280 3763510
1281 3753882
1282 3743522
1283 3732650
1284 3725708
1285 3719142
1286 3710620
1287 3701634
1288 3691290
1289 3682148
1290 3673824
1291 3666138
1292 3656260
1293 3648320
1294 3641990
1295 3629040
1296 3622574
1297 3614004
1298 3604874
1299 3594066
1300 3586698
1301 3578090
1302 3570412
1303 3561732
1304 3553940
1305 3546012
1306 3537596
1307 3529390
1308 3520942
1309 3512302
1310 3504910
1311 3498216
1312 3487136
1313 3481724
1314 3472552
1315 3463816
1316 3458350
1317 3444940
1318 3441296
1319 3426856
1320 3420956
1321 3415952
1322 3405098
1323 3397722
1324 3388912
1325 3382376
1326 3375004
1327 3364262
1328 3358456
1329 3349242
1330 3339148
1331 3336358
1332 3324186
1333 3321382
1334 3312486
1335 3302342
1336 3293608
1337 3285022
1338 3278684
1339 3273356
1340 3259050
1341 3255366
1342 3245582
1343 3240878
1344 3227484
1345 3222464
1346 3213694
1347 3205456
1348 3196576
1349 3190194
1350 3183034
1351 3177016
1352 3169102
1353 3162592
1354 3156800
1355 3145914
1356 3137848
1357 3133318
1358 3123130
1359 3113602
1360 3110068
1361 3099930
1362 3093158
1363 3085752
1364 3079160
1365 3073406
1366 3064060
1367 3053762
1368 3047458
1369 3040056
1370 3032760
1371 3024828
1372 3015078
1373 3011756
1374 3005434
1375 2996220
1376 2989168
1377 2978208
1378 2971896
1379 2967510
1380 2958934
1381 2955642
1382 2946152
1383 2941516
1384 2931454
1385 2927210
1386 2916956
1387 2910992
1388 2904200
1389 2897140
1390 2889196
1391 2882042
1392 2872094
1393 2866328
1394 2863358
1395 2858926
1396 2854068
1397 2845542
1398 2839312
1399 2832490
1400 2825400
1401 2820586
1402 2811758
1403 2811076
1404 2803880
1405 2795596
1406 2787382
1407 2781642
1408 2774840
1409 2769858
1410 2764042
1411 2755576
1412 2751346
1413 2742366
1414 2740428
1415 2733092
1416 2726826
1417 2717886
1418 2716180
1419 2712034
1420 2702630
1421 2699440
1422 2689972
1423 2689136
1424 2679852
1425 2676452
1426 2669368
1427 2663704
1428 2656268
1429 2652022
1430 2645668
1431 2640262
1432 2633074
1433 2627796
1434 2623372
1435 2619394
1436 2613892
1437 2606720
1438 2603048
1439 2594248
1440 2590498
1441 2582240
1442 2580712
1443 2573052
1444 2565962
1445 2559260
1446 2553956
1447 2549168
1448 2546322
1449 2539004
1450 2534632
1451 2530662
1452 2524846
1453 2515094
1454 2513320
1455 2508144
1456 2502652
1457 2496916
1458 2491482
1459 2484334
1460 2477390
1461 2476782
1462 2466528
1463 2464362
1464 2459070
1465 2453780
1466 2448970
1467 2441778
1468 2437244
1469 2434036
1470 2426478
1471 2420248
1472 2415028
1473 2410018
1474 2406038
1475 2399368
1476 2391728
1477 2389836
1478 2382092
1479 2378662
1480 2373568
1481 2367000
1482 2363044
1483 2356524
1484 2349476
1485 2346538
1486 2343714
1487 2336982
1488 2330794
1489 2328450
1490 2324284
1491 2316978
1492 2310644
1493 2306662
1494 2304168
1495 2297042
1496 2289782
1497 2286442
1498 2281988
1499 2275648
1500 2273088
1501 2267232
1502 2264136
1503 2257506
1504 2253182
1505 2249804
1506 2244622
1507 2239930
1508 2236334
1509 2228524
1510 2223426
1511 2220524
1512 2215688
1513 2210968
1514 2204010
1515 2199986
1516 2195904
1517 2191344
1518 2187990
1519 2177540
1520 2178346
1521 2172620
1522 2166548
1523 2161712
1524 2158836
1525 2152218
1526 2147804
1527 2142472
1528 2138802
1529 2134230
1530 2129032
1531 2122848
1532 2116214
1533 2113366
1534 2108700
1535 2103190
1536 2099234
1537 2094628
1538 2089950
1539 2085116
1540 2081148
1541 2076332
1542 2071766
1543 2068214
1544 2062366
1545 2058812
1546 2054512
1547 2050516
1548 2043346
1549 2040774
1550 2038284
1551 2030668
1552 2026006
1553 2022800
1554 2019514
1555 2013526
1556 2007888
1557 2002110
1558 1999802
1559 1995404
1560 1990474
1561 1989010
1562 1981748
1563 1978080
1564 1975026
1565 1968334
1566 1964302
1567 1960750
1568 1956218
1569 1950470
1570 1949160
1571 1943932
1572 1939844
1573 1932908
1574 1930552
1575 1927920
1576 1921890
1577 1917062
1578 1912180
1579 1907284
1580 1903802
1581 1900266
1582 1895954
1583 1890804
1584 1888214
1585 1883674
1586 1878608
1587 1872474
1588 1871242
1589 1864492
1590 1860936
1591 1857082
1592 1852438
1593 1848558
1594 1844560
1595 1841886
1596 1836708
1597 1830724
1598 1825822
1599 1822834
1600 1818592
1601 1811650
1602 1810632
1603 1806434
1604 1798704
1605 1795644
1606 1791078
1607 1786180
1608 1782666
1609 1779534
1610 1776412
1611 1772320
1612 1766704
1613 1765968
1614 1759102
1615 1754202
1616 1747106
1617 1745012
1618 1741820
1619 1740000
1620 1732732
1621 1727606
1622 1724140
1623 1718364
1624 1716366
1625 1713476
1626 1710490
1627 1703468
1628 1699874
1629 1694310
1630 1691460
1631 1687720
1632 1684704
1633 1680974
1634 1678696
1635 1671826
1636 1668248
1637 1663648
1638 1660994
1639 1657132
1640 1653556
1641 1647318
1642 1645426
1643 1640844
1644 1636672
1645 1636232
1646 1630454
1647 1628866
1648 1621790
1649 1618666
1650 1614598
1651 1611342
1652 1607842
1653 1602790
1654 1600380
1655 1595966
1656 1593034
1657 1589550
1658 1585624
1659 1581204
1660 1578502
1661 1574718
1662 1571172
1663 1566772
1664 1563364
1665 1560038
1666 1554988
1667 1551494
1668 1551850
1669 1545362
1670 1541924
1671 1536802
1672 1534318
1673 1530704
1674 1527202
1675 1523494
1676 1521072
1677 1515328
1678 1512258
1679 1509308
1680 1505494
1681 1502434
1682 1499520
1683 1495168
1684 1491204
1685 1489122
1686 1485348
1687 1480460
1688 1478358
1689 1473650
1690 1471278
1691 1467038
1692 1463152
1693 1460052
1694 1458304
1695 1455640
1696 1451526
1697 1446446
1698 1442476
1699 1439136
1700 1436962
1701 1433104
1702 1427926
1703 1426242
1704 1422838
1705 1419414
1706 1416130
1707 1413200
1708 1407616
1709 1406548
1710 1401636
1711 1398706
1712 1395018
1713 1392936
1714 1389190
1715 1384076
1716 1382182
1717 1378370
1718 1374886
1719 1370766
1720 1367780
1721 1364278
1722 1360786
1723 1359092
1724 1356430
1725 1354832
1726 1349520
1727 1346230
1728 1341978
1729 1340824
1730 1336046
1731 1332758
1732 1329482
1733 1325236
1734 1322994
1735 1320040
1736 1317010
1737 1312238
1738 1308898
1739 1305870
1740 1302738
1741 1301500
1742 1296040
1743 1295474
1744 1291386
1745 1287924
1746 1283848
1747 1282774
1748 1279644
1749 1275684
1750 1271408
1751 1269392
1752 1266776
1753 1262780
1754 1262158
1755 1258278
1756 1254814
1757 1252812
1758 1248764
1759 1245560
1760 1242590
1761 1242162
1762 1236324
1763 1235560
1764 1231914
1765 1231070
1766 1226302
1767 1222218
1768 1220610
1769 1217598
1770 1213514
1771 1211612
1772 1208156
1773 1205798
1774 1200468
1775 1199158
1776 1198184
1777 1196768
1778 1191690
1779 1188068
1780 1186516
1781 1182920
1782 1179406
1783 1177768
1784 1174662
1785 1171276
1786 1169540
1787 1167476
1788 1162862
1789 1159118
1790 1158248
1791 1154422
1792 1150564
1793 1148358
1794 1145044
1795 1142186
1796 1141140
1797 1138470
1798 1135224
1799 1133876
1800 1129256
1801 1127108
1802 1124222
1803 1122658
1804 1118664
1805 1117694
1806 1114572
1807 1111808
1808 1108818
1809 1106582
1810 1102524
1811 1099596
1812 1097298
1813 1095522
1814 1092814
1815 1090818
1816 1087502
1817 1085038
1818 1081070
1819 1079400
1820 1077348
1821 1075074
1822 1071614
1823 1069044
1824 1065724
1825 1063940
1826 1061554
1827 1059758
1828 1057098
1829 1054328
1830 1052650
1831 1050224
1832 1046496
1833 1043582
1834 1042484
1835 1040240
1836 1038740
1837 1033334
1838 1032444
1839 1029892
1840 1027180
1841 1024196
1842 1022862
1843 1019350
1844 1017662
1845 1017164
1846 1013182
1847 1012362
1848 1010128
1849 1005674
1850 1004740
1851 1001354
1852 999454
1853 996872
1854 995284
1855 992546
1856 991208
1857 987704
1858 986648
1859 984994
1860 981134
1861 978410
1862 977104
1863 974888
1864 972120
1865 970232
1866 969686
1867 965896
1868 963826
1869 961738
1870 958190
1871 957658
1872 955188
1873 953470
1874 950208
1875 948404
1876 946364
1877 943444
1878 941506
1879 939708
1880 938362
1881 935760
1882 933708
1883 932194
1884 929158
1885 926894
1886 924672
1887 923482
1888 919912
1889 918302
1890 918192
1891 914604
1892 912094
1893 909440
1894 907782
1895 905542
1896 905266
1897 901066
1898 899962
1899 898482
1900 895414
1901 894620
1902 892954
1903 891798
1904 888918
1905 885828
1906 883566
1907 882640
1908 880800
1909 877208
1910 875332
1911 872410
1912 872232
1913 870702
1914 867332
1915 865218
1916 864444
1917 862834
1918 860150
1919 856740
1920 856640
1921 853084
1922 852412
1923 848482
1924 847380
1925 845214
1926 843116
1927 842486
1928 838726
1929 837816
1930 835558
1931 833962
1932 831456
1933 829396
1934 828180
1935 825652
1936 823978
1937 821164
1938 820094
1939 817850
1940 815702
1941 814276
1942 813374
1943 810708
1944 809296
1945 806252
1946 806146
1947 805240
1948 802796
1949 799994
1950 798962
1951 796200
1952 795516
1953 793170
1954 791356
1955 790136
1956 787640
1957 786090
1958 782884
1959 781802
1960 779346
1961 777398
1962 776910
1963 775866
1964 772706
1965 770614
1966 768804
1967 767978
1968 765034
1969 763504
1970 761794
1971 760760
1972 757398
1973 757342
1974 754250
1975 752974
1976 750932
1977 748562
1978 747438
1979 744900
1980 743072
1981 742762
1982 740626
1983 739338
1984 736126
1985 735134
1986 732674
1987 731038
1988 730666
1989 727364
1990 725410
1991 724902
1992 723940
1993 721944
1994 719724
1995 718622
1996 717012
1997 714552
1998 713006
1999 711542
2000 710074
2001 707296
2002 705958
2003 705590
2004 704102
2005 701060
2006 699814
2007 698222
2008 695926
2009 694478
2010 692448
2011 691698
2012 688956
2013 687998
2014 685632
2015 684600
2016 684358
2017 680274
2018 678806
2019 678078
2020 675682
2021 675552
2022 673102
2023 672452
2024 669920
2025 668422
2026 667100
2027 665118
2028 663692
2029 662694
2030 659916
2031 657486
2032 656070
2033 655154
2034 653178
2035 652218
2036 648874
2037 648224
2038 647846
2039 645602
2040 643840
2041 641518
2042 642566
2043 639538
2044 638352
2045 635830
2046 634184
2047 633510
2048 630710
2049 628846
2050 628914
2051 626816
2052 625364
2053 622876
2054 622700
2055 620862
2056 619644
2057 618104
2058 616254
2059 614444
2060 612840
2061 612042
2062 609014
2063 609254
2064 607252
2065 605382
2066 603264
2067 603124
2068 602184
2069 600384
2070 598204
2071 596674
2072 595964
2073 593688
2074 593230
2075 591904
2076 589614
2077 586350
2078 588082
2079 586070
2080 584168
2081 582212
2082 580890
2083 578842
2084 578136
2085 577480
2086 574810
2087 572884
2088 572698
2089 570648
2090 569802
2091 568300
2092 565906
2093 564404
2094 563516
2095 562636
2096 560094
2097 559018
2098 558526
2099 557380
2100 555080
2101 552236
2102 552670
2103 549904
2104 548968
2105 547176
2106 545738
2107 544710
2108 543244
2109 542122
2110 540210
2111 539484
2112 537980
2113 536838
2114 535766
2115 533950
2116 531674
2117 531102
2118 530388
2119 528490
2120 527030
2121 526234
2122 523936
2123 522502
2124 521516
2125 520380
2126 518166
2127 516888
2128 515700
2129 513452
2130 512506
2131 512092
2132 510080
2133 508170
2134 507230
2135 505366
2136 504826
2137 503488
2138 502054
2139 500026
2140 498644
2141 497842
2142 496288
2143 495192
2144 495080
2145 492506
2146 491704
2147 489858
2148 489558
2149 487704
2150 486514
2151 485068
2152 484176
2153 482758
2154 480216
2155 479058
2156 477624
2157 477640
2158 476558
2159 474274
2160 473282
2161 472424
2162 470692
2163 468986
2164 467892
2165 467218
2166 465594
2167 464202
2168 463774
2169 461724
2170 460778
2171 459036
2172 458288
2173 457506
2174 457024
2175 454230
2176 453492
2177 452900
2178 452652
2179 451030
2180 449584
2181 448162
2182 447568
2183 444954
2184 446040
2185 443644
2186 443934
2187 440542
2188 439936
2189 439230
2190 438270
2191 436234
2192 435548
2193 435186
2194 434144
2195 431678
2196 431864
2197 429630
2198 428846
2199 426798
2200 425420
2201 425002
2202 424814
2203 423786
2204 422766
2205 420892
2206 420314
2207 418390
2208 418648
2209 417666
2210 415246
2211 414820
2212 413662
2213 412332
2214 411118
2215 410300
2216 409300
2217 407498
2218 406094
2219 404980
2220 404288
2221 402276
2222 402054
2223 400458
2224 399516
2225 399152
2226 397956
2227 397738
2228 395814
2229 394812
2230 394354
2231 393188
2232 391528
2233 390808
2234 389898
2235 388466
2236 387528
2237 386698
2238 386430
2239 384842
2240 383630
2241 383352
2242 382810
2243 380486
2244 379460
2245 378526
2246 377994
2247 377202
2248 376202
2249 375254
2250 374058
2251 373524
2252 373018
2253 371208
2254 371058
2255 369084
2256 367892
2257 368738
2258 366100
2259 365626
2260 365526
2261 363030
2262 362710
2263 361838
2264 360584
2265 358986
2266 359300
2267 357778
2268 357870
2269 355366
2270 355060
2271 353660
2272 353576
2273 352320
2274 351262
2275 350724
2276 349440
2277 348140
2278 347674
2279 347810
2280 344472
2281 344708
2282 343730
2283 343496
2284 342468
2285 341886
2286 341362
2287 339500
2288 339158
2289 337748
2290 336812
2291 336380
2292 335696
2293 335182
2294 333936
2295 333300
2296 332974
2297 331448
2298 331050
2299 330592
2300 329098
2301 328062
2302 327672
2303 326776
2304 326134
2305 324846
2306 324750
2307 323384
2308 322832
2309 322362
2310 321674
2311 319916
2312 319908
2313 318818
2314 318674
2315 317236
2316 316600
2317 315030
2318 314678
2319 314202
2320 313120
2321 312400
2322 311904
2323 310932
2324 310772
2325 309272
2326 308718
2327 308126
2328 306374
2329 305728
2330 305178
2331 304136
2332 304210
2333 302582
2334 302274
2335 302114
2336 300426
2337 300208
2338 299076
2339 298024
2340 297788
2341 296092
2342 295758
2343 294744
2344 294426
2345 293668
2346 293866
2347 292142
2348 292166
2349 290016
2350 289428
2351 289786
2352 288674
2353 288466
2354 286948
2355 287138
2356 285514
2357 284484
2358 284632
2359 283430
2360 282182
2361 281810
2362 280670
2363 280628
2364 279864
2365 278856
2366 277982
2367 277814
2368 276896
2369 276484
2370 275714
2371 275064
2372 274162
2373 273194
2374 273536
2375 272072
2376 271888
2377 270092
2378 270998
2379 269352
2380 268676
2381 267628
2382 267570
2383 266698
2384 265716
2385 266018
2386 264250
2387 263212
2388 263222
2389 262798
2390 261488
2391 260596
2392 260130
2393 259596
2394 259622
2395 259716
2396 257266
2397 256714
2398 256142
2399 255896
2400 255232
2401 254712
2402 253504
2403 252118
2404 252190
2405 251090
2406 250620
2407 249284
2408 249208
2409 248340
2410 247748
2411 246916
2412 246754
2413 245242
2414 244804
2415 244082
2416 243960
2417 243190
2418 243122
2419 242134
2420 241266
2421 240642
2422 240130
2423 239282
2424 239214
2425 238226
2426 237022
2427 236540
2428 236358
2429 236094
2430 234840
2431 234932
2432 234128
2433 232754
2434 231878
2435 231928
2436 231560
2437 231444
2438 230086
2439 229284
2440 229270
2441 228622
2442 227532
2443 227426
2444 227028
2445 225500
2446 224426
2447 224102
2448 223980
2449 222312
2450 222596
2451 221312
2452 221218
2453 220862
2454 219376
2455 219108
2456 218472
2457 217790
2458 217448
2459 216880
2460 215684
2461 215294
2462 214664
2463 214128
2464 213848
2465 213618
2466 211752
2467 211190
2468 210672
2469 210280
2470 209208
2471 208564
2472 208042
2473 207050
2474 206318
2475 206188
2476 205398
2477 205108
2478 205090
2479 203942
2480 203412
2481 202726
2482 201858
2483 202094
2484 200800
2485 200050
2486 199366
2487 198654
2488 198380
2489 197658
2490 197294
2491 196956
2492 196112
2493 196376
2494 195010
2495 194692
2496 193590
2497 193116
2498 192430
2499 192506
2500 191428
2501 190722
2502 190516
2503 190036
2504 189668
2505 188334
2506 188146
2507 188246
2508 187092
2509 186476
2510 185560
2511 185240
2512 184566
2513 184134
2514 183432
2515 183672
2516 181984
2517 181786
2518 181582
2519 180720
2520 180680
2521 179568
2522 179140
2523 179020
2524 178596
2525 177286
2526 176928
2527 176210
2528 176328
2529 175402
2530 174754
2531 174468
2532 173970
2533 172944
2534 173422
2535 172308
2536 171684
2537 171206
2538 171324
2539 170992
2540 169974
2541 169578
2542 169086
2543 168842
2544 168392
2545 167972
2546 167118
2547 166716
2548 165702
2549 165620
2550 165314
2551 165122
2552 164298
2553 163280
2554 162774
2555 162518
2556 162220
2557 161768
2558 161242
2559 160852
2560 160080
2561 160228
2562 159926
2563 159038
2564 158306
2565 157986
2566 157892
2567 157276
2568 156884
2569 156768
2570 156194
2571 155666
2572 155176
2573 154810
2574 154750
2575 153670
2576 153516
2577 152872
2578 152594
2579 152172
2580 152334
2581 151144
2582 151918
2583 150782
2584 150222
2585 149938
2586 149646
2587 149266
2588 148370
2589 148748
2590 148230
2591 147782
2592 147516
2593 146846
2594 146532
2595 146494
2596 145720
2597 145074
2598 144560
2599 144582
2600 143624
2601 143158
2602 142784
2603 142466
2604 141854
2605 142020
2606 141552
2607 141212
2608 140720
2609 140340
2610 139864
2611 139730
2612 139246
2613 138658
2614 138160
2615 137806
2616 138148
2617 137526
2618 136992
2619 136622
2620 136362
2621 135944
2622 135276
2623 134798
2624 135220
2625 134452
2626 133986
2627 133638
2628 133590
2629 132656
2630 132826
2631 132126
2632 131176
2633 131332
2634 130854
2635 130520
2636 130538
2637 130166
2638 129474
2639 129296
2640 129110
2641 129338
2642 128538
2643 128098
2644 127812
2645 127232
2646 127100
2647 126386
2648 125980
2649 126112
2650 125464
2651 125620
2652 125446
2653 124998
2654 124604
2655 124502
2656 123830
2657 123506
2658 123244
2659 122996
2660 122356
2661 121962
2662 122008
2663 121336
2664 121458
2665 120724
2666 120664
2667 119976
2668 119762
2669 119162
2670 119490
2671 118708
2672 118816
2673 118042
2674 118048
2675 117520
2676 117162
2677 117428
2678 116784
2679 116528
2680 116150
2681 115454
2682 115672
2683 115288
2684 114662
2685 114366
2686 114266
2687 113886
2688 113506
2689 113266
2690 113208
2691 113162
2692 112428
2693 112560
2694 112010
2695 111312
2696 111340
2697 111122
2698 110618
2699 110144
2700 110226
2701 109930
2702 109618
2703 109238
2704 108830
2705 108046
2706 108430
2707 107494
2708 107208
2709 106616
2710 106804
2711 106894
2712 106224
2713 106032
2714 105648
2715 105248
2716 105324
2717 104770
2718 104504
2719 104216
2720 103632
2721 103272
2722 103262
2723 103094
2724 102462
2725 102336
2726 102540
2727 101950
2728 101816
2729 101176
2730 101096
2731 100550
2732 100802
2733 100582
2734 100152
2735 100254
2736 99754
2737 99368
2738 99250
2739 98828
2740 98512
2741 98262
2742 98430
2743 97858
2744 97486
2745 97694
2746 97174
2747 96742
2748 96790
2749 96290
2750 96134
2751 96008
2752 95620
2753 95192
2754 95150
2755 95066
2756 94584
2757 93888
2758 93934
2759 93708
2760 93512
2761 92888
2762 92820
2763 92668
2764 92492
2765 92012
2766 91820
2767 91534
2768 91338
2769 90900
2770 90918
2771 90692
2772 90318
2773 89618
2774 89478
2775 89388
2776 88906
2777 88812
2778 88482
2779 88348
2780 87908
2781 87728
2782 87514
2783 87610
2784 87108
2785 86832
2786 86734
2787 86548
2788 86178
2789 85736
2790 85586
2791 85570
2792 85234
2793 84976
2794 84900
2795 84680
2796 84492
2797 84470
2798 83852
2799 83624
2800 83844
2801 83494
2802 83236
2803 83130
2804 82722
2805 82678
2806 82264
2807 82244
2808 81856
2809 81390
2810 81054
2811 81490
2812 80398
2813 80502
2814 80416
2815 79990
2816 79928
2817 79908
2818 79540
2819 79526
2820 79352
2821 78876
2822 78866
2823 79058
2824 78492
2825 78338
2826 78242
2827 78060
2828 78046
2829 77784
2830 77588
2831 77380
2832 77230
2833 76706
2834 77118
2835 76534
2836 76360
2837 76088
2838 75616
2839 75668
2840 75604
2841 75238
2842 74836
2843 74954
2844 74858
2845 74522
2846 74060
2847 74200
2848 73956
2849 73992
2850 73618
2851 73200
2852 73170
2853 72992
2854 72790
2855 72472
2856 72414
2857 72348
2858 72104
2859 71816
2860 71744
2861 71646
2862 71772
2863 71414
2864 71354
2865 71032
2866 70470
2867 70482
2868 70446
2869 69920
2870 69956
2871 69926
2872 69698
2873 69764
2874 69462
2875 69338
2876 68754
2877 68464
2878 68502
2879 68388
2880 68294
2881 68020
2882 67624
2883 67640
2884 67336
2885 67586
2886 67184
2887 67022
2888 67060
2889 66948
2890 66714
2891 66448
2892 66446
2893 66108
2894 66012
2895 65960
2896 65858
2897 65420
2898 65386
2899 65334
2900 65238
2901 64878
2902 64868
2903 64570
2904 64566
2905 64254
2906 64192
2907 64010
2908 63894
2909 63472
2910 63432
2911 63356
2912 63314
2913 62798
2914 63146
2915 62894
2916 62292
2917 62342
2918 62162
2919 61960
2920 61380
2921 61528
2922 61390
2923 61098
2924 61240
2925 60986
2926 60830
2927 60806
2928 60736
2929 60356
2930 60086
2931 59834
2932 59940
2933 59614
2934 59550
2935 59690
2936 59076
2937 59064
2938 59110
2939 59030
2940 58848
2941 58372
2942 57994
2943 58420
2944 58194
2945 57758
2946 57988
2947 57666
2948 57518
2949 57174
2950 57000
2951 56910
2952 56938
2953 56926
2954 56822
2955 56696
2956 56636
2957 56236
2958 56096
2959 55820
2960 55784
2961 55670
2962 55642
2963 55348
2964 55482
2965 55318
2966 55136
2967 54978
2968 54858
2969 54584
2970 54818
2971 54262
2972 54506
2973 54214
2974 54154
2975 54166
2976 53846
2977 53602
2978 53664
2979 53646
2980 53302
2981 53110
2982 52800
2983 52958
2984 52910
2985 52400
2986 52326
2987 52472
2988 52440
2989 52104
2990 51948
2991 52028
2992 51576
2993 51466
2994 51644
2995 51618
2996 51374
2997 51480
2998 51222
2999 51176
3000 50990
3001 50812
3002 50548
3003 50644
3004 50596
3005 50050
3006 50324
3007 50120
3008 49850
3009 49886
3010 49702
3011 49536
3012 49626
3013 49272
3014 48974
3015 49022
3016 49080
3017 48998
3018 48300
3019 48608
3020 48346
3021 48286
3022 48276
3023 48028
3024 48012
3025 47810
3026 47438
3027 47454
3028 47144
3029 46724
3030 46880
3031 46908
3032 46740
3033 46644
3034 46410
3035 46458
3036 46434
3037 46362
3038 45926
3039 45722
3040 45936
3041 45760
3042 45584
3043 45480
3044 45114
3045 45244
3046 45070
3047 45006
3048 44820
3049 44690
3050 44562
3051 44396
3052 44258
3053 44108
3054 44106
3055 43848
3056 43720
3057 43500
3058 43510
3059 43556
3060 43154
3061 43194
3062 43126
3063 43008
3064 42984
3065 42876
3066 42612
3067 42492
3068 42494
3069 42144
3070 42094
3071 41972
3072 42240
3073 41728
3074 41510
3075 41760
3076 41394
3077 41072
3078 41128
3079 40994
3080 40904
3081 40974
3082 40576
3083 40580
3084 40334
3085 40152
3086 40016
3087 40284
3088 39902
3089 39948
3090 39762
3091 39540
3092 39572
3093 39450
3094 39130
3095 39076
3096 38910
3097 38918
3098 38976
3099 38684
3100 38520
3101 38356
3102 38380
3103 38140
3104 38252
3105 38144
3106 38074
3107 37650
3108 37656
3109 37614
3110 37446
3111 37324
3112 37374
3113 37378
3114 36994
3115 36792
3116 36822
3117 36766
3118 36428
3119 36290
3120 36370
3121 36056
3122 35914
3123 36176
3124 35958
3125 35904
3126 35756
3127 35772
3128 35436
3129 35410
3130 35092
3131 34976
3132 34704
3133 34902
3134 34762
3135 34666
3136 34510
3137 34388
3138 34244
3139 34382
3140 34060
3141 33882
3142 33700
3143 33800
3144 33604
3145 33462
3146 33538
3147 33388
3148 33090
3149 33064
3150 33128
3151 32924
3152 32568
3153 32716
3154 32384
3155 32450
3156 32234
3157 32130
3158 32180
3159 31898
3160 31768
3161 31882
3162 31658
3163 31534
3164 31508
3165 31480
3166 31272
3167 31248
3168 31198
3169 30920
3170 30816
3171 30562
3172 30610
3173 30512
3174 30462
3175 30588
3176 30192
3177 30176
3178 30180
3179 30184
3180 29772
3181 29708
3182 29774
3183 29424
3184 29498
3185 29474
3186 29462
3187 29348
3188 29202
3189 28964
3190 29178
3191 28800
3192 28696
3193 28664
3194 28452
3195 28540
3196 28386
3197 28088
3198 28220
3199 28010
3200 27904
3201 27572
3202 27716
3203 27654
3204 27544
3205 27350
3206 27436
3207 27300
3208 27258
3209 26988
3210 26966
3211 26864
3212 26750
3213 26828
3214 26544
3215 26392
3216 26572
3217 26560
3218 26250
3219 26200
3220 26054
3221 25906
3222 25910
3223 25836
3224 25946
3225 25834
3226 25640
3227 25642
3228 25594
3229 25616
3230 25238
3231 25110
3232 25066
3233 25098
3234 25128
3235 24960
3236 24894
3237 24724
3238 24642
3239 24536
3240 24744
3241 24530
3242 24382
3243 24372
3244 24206
3245 24202
3246 24104
3247 23958
3248 23904
3249 23850
3250 23742
3251 23496
3252 23576
3253 23564
3254 23480
3255 23360
3256 23202
3257 23256
3258 23110
3259 22804
3260 22820
3261 22886
3262 22832
3263 22584
3264 22502
3265 22478
3266 22384
3267 22246
3268 22284
3269 22196
3270 22048
3271 22010
3272 21812
3273 21534
3274 21704
3275 21632
3276 21478
3277 21502
3278 21412
3279 21194
3280 21298
3281 21178
3282 21080
3283 20868
3284 20938
3285 20824
3286 20724
3287 20672
3288 20554
3289 20536
3290 20504
3291 20360
3292 20270
3293 20416
3294 20136
3295 20220
3296 20102
3297 19914
3298 19978
3299 19736
3300 19664
3301 19490
3302 19574
3303 19484
3304 19308
3305 19396
3306 19432
3307 19264
3308 19238
3309 19098
3310 19008
3311 19104
3312 18912
3313 18846
3314 18710
3315 18604
3316 18652
3317 18616
3318 18616
3319 18502
3320 18354
3321 18262
3322 18114
3323 18276
3324 18136
3325 17994
3326 17886
3327 17906
3328 17864
3329 17760
3330 17594
3331 17520
3332 17478
3333 17496
3334 17356
3335 17312
3336 17154
3337 17198
3338 17056
3339 17124
3340 16924
3341 16954
3342 16806
3343 16694
3344 16754
3345 16620
3346 16534
3347 16466
3348 16392
3349 16324
3350 16154
3351 16214
3352 16190
3353 16066
3354 16010
3355 15932
3356 15896
3357 15876
3358 15786
3359 15718
3360 15572
3361 15584
3362 15528
3363 15436
3364 15346
3365 15320
3366 15260
3367 15204
3368 15066
3369 15004
3370 14886
3371 14776
3372 14718
3373 14644
3374 14636
3375 14524
3376 14480
3377 14438
3378 14340
3379 14246
3380 14186
3381 14140
3382 14014
3383 14040
3384 14024
3385 14000
3386 13990
3387 13884
3388 13690
3389 13584
3390 13640
3391 13626
3392 13432
3393 13522
3394 13458
3395 13340
3396 13372
3397 13288
3398 13280
3399 13124
3400 13070
3401 12912
3402 12782
3403 12846
3404 12780
3405 12802
3406 12682
3407 12814
3408 12626
3409 12614
3410 12562
3411 12572
3412 12386
3413 12414
3414 12262
3415 12352
3416 12250
3417 12234
3418 12122
3419 12160
3420 12040
3421 11986
3422 11950
3423 11958
3424 11738
3425 11672
3426 11790
3427 11820
3428 11766
3429 11548
3430 11508
3431 11512
3432 11494
3433 11372
3434 11390
3435 11272
3436 11238
3437 11206
3438 11166
3439 11082
3440 11076
3441 10962
3442 10922
3443 10818
3444 10784
3445 10790
3446 10690
3447 10618
3448 10634
3449 10668
3450 10546
3451 10530
3452 10584
3453 10470
3454 10428
3455 10332
3456 10272
3457 10254
3458 10254
3459 10212
3460 10230
3461 10092
3462 10092
3463 10150
3464 10100
3465 9958
3466 9876
3467 9904
3468 9830
3469 9780
3470 9756
3471 9746
3472 9774
3473 9620
3474 9622
3475 9564
3476 9510
3477 9522
3478 9530
3479 9438
3480 9314
3481 9364
3482 9278
3483 9314
3484 9304
3485 9186
3486 9206
3487 9174
3488 9106
3489 9092
3490 9018
3491 9066
3492 9024
3493 8956
3494 8962
3495 8920
3496 8864
3497 8854
3498 8800
3499 8774
3500 8802
3501 8710
3502 8748
3503 8670
3504 8612
3505 8566
3506 8620
3507 8492
3508 8584
3509 8538
3510 8412
3511 8468
3512 8472
3513 8332
3514 8372
3515 8382
3516 8316
3517 8294
3518 8188
3519 8272
3520 8202
3521 8270
3522 8236
3523 8250
3524 8214
3525 8156
3526 8178
3527 8142
3528 8116
3529 8096
3530 8090
3531 7978
3532 8054
3533 7988
3534 8020
3535 7924
3536 8016
3537 7896
3538 7984
3539 7880
3540 7852
3541 7926
3542 7858
3543 7764
3544 7822
3545 7814
3546 7762
3547 7708
3548 7722
3549 7714
3550 7736
3551 7688
3552 7664
3553 7684
3554 7696
3555 7628
3556 7628
3557 7590
3558 7542
3559 7606
3560 7594
3561 7540
3562 7522
3563 7526
3564 7398
3565 7400
3566 7420
3567 7468
3568 7440
3569 7388
3570 7372
3571 7332
3572 7324
3573 7290
3574 7248
3575 7166
3576 7212
3577 7172
3578 7208
3579 7218
3580 7072
3581 7150
3582 7168
3583 7048
3584 7140
3585 7130
3586 7046
3587 7054
3588 6966
3589 6966
3590 6992
3591 6878
3592 6966
3593 6936
3594 6878
3595 6876
3596 6886
3597 6822
3598 6766
3599 6750
3600 6756
3601 6758
3602 6698
3603 6658
3604 6686
3605 6654
3606 6624
3607 6606
3608 6618
3609 6614
3610 6510
3611 6556
3612 6484
3613 6544
3614 6494
3615 6516
3616 6458
3617 6458
3618 6404
3619 6454
3620 6388
3621 6342
3622 6326
3623 6258
3624 6390
3625 6306
3626 6320
3627 6232
3628 6196
3629 6238
3630 6210
3631 6200
3632 6150
3633 6082
3634 6152
3635 6096
3636 6090
3637 6046
3638 6106
3639 6024
3640 5958
3641 6010
3642 5982
3643 5938
3644 5910
3645 5934
3646 5864
3647 5858
3648 5800
3649 5868
3650 5792
3651 5768
3652 5770
3653 5714
3654 5706
3655 5702
3656 5694
3657 5622
3658 5574
3659 5630
3660 5558
3661 5618
3662 5474
3663 5540
3664 5466
3665 5466
3666 5454
3667 5448
3668 5384
3669 5412
3670 5404
3671 5430
3672 5382
3673 5378
3674 5346
3675 5362
3676 5294
3677 5294
3678 5340
3679 5292
3680 5220
3681 5272
3682 5210
3683 5238
3684 5210
3685 5210
3686 5130
3687 5134
3688 5158
3689 5116
3690 5094
3691 5090
3692 5098
3693 5096
3694 5014
3695 5086
3696 4990
3697 5022
3698 4986
3699 4946
3700 4926
3701 4906
3702 4956
3703 4930
3704 4940
3705 4896
3706 4882
3707 4908
3708 4840
3709 4908
3710 4828
3711 4804
3712 4836
3713 4780
3714 4796
3715 4794
3716 4752
3717 4714
3718 4778
3719 4712
3720 4700
3721 4708
3722 4690
3723 4692
3724 4626
3725 4692
3726 4640
3727 4672
3728 4588
3729 4606
3730 4596
3731 4564
3732 4562
3733 4574
3734 4560
3735 4516
3736 4566
3737 4532
3738 4504
3739 4450
3740 4450
3741 4478
3742 4470
3743 4448
3744 4376
3745 4412
3746 4382
3747 4376
3748 4352
3749 4330
3750 4356
3751 4352
3752 4330
3753 4352
3754 4296
3755 4254
3756 4300
3757 4278
3758 4290
3759 4280
3760 4264
3761 4272
3762 4252
3763 4256
3764 4222
3765 4220
3766 4220
3767 4192
3768 4172
3769 4150
3770 4132
3771 4130
3772 4156
3773 4082
3774 4110
3775 4146
3776 4080
3777 4122
3778 4094
3779 4060
3780 4086
3781 4076
3782 4060
3783 4044
3784 4016
3785 4038
3786 4000
3787 3986
3788 3996
3789 4012
3790 3996
3791 3988
3792 3974
3793 3988
3794 3948
3795 3908
3796 3934
3797 3918
3798 3930
3799 3910
3800 3918
3801 3852
3802 3896
3803 3852
3804 3850
3805 3864
3806 3836
3807 3814
3808 3832
3809 3822
3810 3804
3811 3836
3812 3784
3813 3790
3814 3764
3815 3778
3816 3764
3817 3770
3818 3750
3819 3714
3820 3718
3821 3776
3822 3716
3823 3720
3824 3732
3825 3696
3826 3708
3827 3666
3828 3668
3829 3610
3830 3688
3831 3630
3832 3596
3833 3594
3834 3574
3835 3612
3836 3596
3837 3600
3838 3566
3839 3574
3840 3562
3841 3500
3842 3550
3843 3538
3844 3542
3845 3518
3846 3500
3847 3510
3848 3514
3849 3488
3850 3480
3851 3490
3852 3496
3853 3458
3854 3470
3855 3454
3856 3404
3857 3470
3858 3426
3859 3424
3860 3444
3861 3394
3862 3384
3863 3358
3864 3356
3865 3400
3866 3342
3867 3340
3868 3352
3869 3356
3870 3338
3871 3338
3872 3316
3873 3294
3874 3292
3875 3306
3876 3312
3877 3258
3878 3282
3879 3318
3880 3258
3881 3240
3882 3248
3883 3210
3884 3230
3885 3240
3886 3216
3887 3208
3888 3178
3889 3178
3890 3192
3891 3156
3892 3150
3893 3156
3894 3186
3895 3180
3896 3116
3897 3164
3898 3140
3899 3136
3900 3098
3901 3098
3902 3082
3903 3128
3904 3072
3905 3052
3906 3082
3907 3054
3908 3060
3909 3030
3910 3044
3911 3006
3912 3004
3913 2998
3914 2988
3915 3002
3916 2974
3917 3026
3918 2942
3919 2932
3920 2920
3921 2906
3922 2942
3923 2942
3924 2912
3925 2910
3926 2936
3927 2916
3928 2904
3929 2904
3930 2884
3931 2868
3932 2854
3933 2870
3934 2826
3935 2814
3936 2832
3937 2796
3938 2836
3939 2816
3940 2794
3941 2764
3942 2788
3943 2764
3944 2770
3945 2806
3946 2734
3947 2748
3948 2718
3949 2728
3950 2686
3951 2706
3952 2696
3953 2658
3954 2682
3955 2688
3956 2670
3957 2638
3958 2658
3959 2628
3960 2638
3961 2662
3962 2602
3963 2620
3964 2634
3965 2562
3966 2620
3967 2576
3968 2574
3969 2546
3970 2554
3971 2558
3972 2574
3973 2566
3974 2544
3975 2552
3976 2510
3977 2536
3978 2484
3979 2498
3980 2510
3981 2454
3982 2478
3983 2460
3984 2472
3985 2466
3986 2402
3987 2428
3988 2416
3989 2382
3990 2378
3991 2388
3992 2344
3993 2348
3994 2358
3995 2340
3996 2326
3997 2330
3998 2330
3999 2332
4000 2308
4001 2326
4002 2310
4003 2314
4004 2290
4005 2268
4006 2270
4007 2248
4008 2282
4009 2262
4010 2226
4011 2264
4012 2260
4013 2212
4014 2218
4015 2234
4016 2178
4017 2212
4018 2188
4019 2204
4020 2156
4021 2168
4022 2176
4023 2148
4024 2128
4025 2110
4026 2138
4027 2080
4028 2100
4029 2096
4030 2052
4031 2076
4032 2054
4033 2056
4034 2028
4035 2066
4036 2054
4037 2028
4038 2006
4039 2022
4040 2034
4041 1990
4042 2002
4043 2012
4044 2008
4045 1982
4046 1970
4047 1976
4048 1966
4049 1948
4050 1952
4051 1936
4052 1876
4053 1856
4054 1884
4055 1886
4056 1862
4057 1848
4058 1842
4059 1844
4060 1834
4061 1808
4062 1808
4063 1820
4064 1772
4065 1772
4066 1768
4067 1754
4068 1758
4069 1738
4070 1750
4071 1724
4072 1718
4073 1732
4074 1684
4075 1696
4076 1702
4077 1686
4078 1696
4079 1678
4080 1668
4081 1686
4082 1662
4083 1616
4084 1622
4085 1636
4086 1618
4087 1598
4088 1616
4089 1614
4090 1614
4091 1614
4092 1560
4093 1572
4094 1556
4095 1542
4096 1540
4097 1538
4098 1528
4099 1530
4100 1508
4101 1496
4102 1506
4103 1496
4104 1476
4105 1484
4106 1478
4107 1464
4108 1442
4109 1426
4110 1450
4111 1440
4112 1408
4113 1422
4114 1398
4115 1396
4116 1384
4117 1368
4118 1398
4119 1370
4120 1356
4121 1372
4122 1340
4123 1308
4124 1336
4125 1330
4126 1290
4127 1286
4128 1292
4129 1262
4130 1316
4131 1268
4132 1258
4133 1256
4134 1262
4135 1252
4136 1248
4137 1240
4138 1212
4139 1216
4140 1224
4141 1182
4142 1180
4143 1182
4144 1176
4145 1174
4146 1158
4147 1146
4148 1156
4149 1112
4150 1116
4151 1138
4152 1100
4153 1100
4154 1078
4155 1060
4156 1060
4157 1056
4158 1042
4159 1032
4160 1032
4161 1036
4162 1046
4163 1000
4164 1018
4165 1018
4166 1008
4167 998
4168 1010
4169 984
4170 986
4171 970
4172 1006
4173 964
4174 964
4175 966
4176 972
4177 954
4178 936
4179 960
4180 948
4181 940
4182 934
4183 946
4184 922
4185 944
4186 922
4187 922
4188 922
4189 904
4190 896
4191 902
4192 908
4193 870
4194 888
4195 888
4196 884
4197 866
4198 860
4199 854
4200 868
4201 846
4202 852
4203 840
4204 842
4205 838
4206 838
4207 826
4208 808
4209 828
4210 816
4211 802
4212 792
4213 798
4214 800
4215 806
4216 790
4217 788
4218 800
4219 810
4220 778
4221 776
4222 778
4223 784
4224 782
4225 760
4226 754
4227 768
4228 780
4229 770
4230 766
4231 738
4232 768
4233 756
4234 754
4235 734
4236 740
4237 740
4238 742
4239 756
4240 732
4241 740
4242 706
4243 720
4244 722
4245 702
4246 710
4247 712
4248 706
4249 696
4250 708
4251 700
4252 712
4253 706
4254 680
4255 700
4256 684
4257 686
4258 676
4259 666
4260 658
4261 668
4262 662
4263 648
4264 660
4265 630
4266 648
4267 644
4268 636
4269 622
4270 630
4271 636
4272 618
4273 632
4274 616
4275 614
4276 618
4277 608
4278 608
4279 606
4280 606
4281 604
4282 594
4283 588
4284 590
4285 604
4286 584
4287 574
4288 564
4289 580
4290 570
4291 550
4292 542
4293 564
4294 556
4295 530
4296 540
4297 538
4298 524
4299 522
4300 508
4301 512
4302 498
4303 492
4304 506
4305 500
4306 480
4307 488
4308 506
4309 494
4310 486
4311 476
4312 490
4313 492
4314 452
4315 466
4316 460
4317 458
4318 454
4319 458
4320 446
4321 450
4322 446
4323 426
4324 428
4325 418
4326 412
4327 396
4328 408
4329 396
4330 382
4331 388
4332 376
4333 384
4334 368
4335 372
4336 362
4337 360
4338 344
4339 342
4340 344
4341 324
4342 334
4343 328
4344 320
4345 322
4346 322
4347 320
4348 312
4349 308
4350 296
4351 310
4352 300
4353 290
4354 292
4355 304
4356 290
4357 284
4358 294
4359 276
4360 272
4361 280
4362 258
4363 260
4364 254
4365 246
4366 250
4367 254
4368 236
4369 246
4370 246
4371 228
4372 228
4373 224
4374 220
4375 212
4376 204
4377 208
4378 204
4379 194
4380 192
4381 190
4382 182
4383 178
4384 164
4385 164
4386 162
4387 152
4388 146
4389 152
4390 142
4391 144
4392 146
4393 142
4394 134
4395 128
4396 126
4397 118
4398 120
4399 100
4400 106
4401 106
4402 94
4403 96
4404 98
4405 90
4406 84
4407 94
4408 76
4409 82
4410 72
4411 68
4412 66
4413 58
4414 50
4415 48
4416 48
4417 32
4418 36
4419 26
4420 22
4421 12
4422 12
4423 6
4424 4
4425 0
4426 0
4427 0
4428 0
4429 0
4430 0
4431 0
4432 0
4433 0
4434 0
4435 0
4436 0
4437 0
4438 0
4439 0
4440 0
4441 0
4442 0
4443 0
4444 0
4445 0
4446 0
4447 0
4448 0
4449 0
4450 0
4451 0
4452 0
4453 0
4454 0
4455 0
4456 0
4457 0
4458 0
4459 0
4460 0
4461 0
4462 0
4463 0
4464 0
4465 0
4466 0
4467 0
4468 0
4469 0
4470 0
4471 0
4472 0
4473 0
4474 0
4475 0
4476 0
4477 0
4478 0
4479 0
4480 0
4481 0
4482 0
4483 0
4484 0
4485 0
4486 0
4487 0
4488 0
4489 0
4490 0
4491 0
4492 0
4493 0
4494 0
4495 0
4496 0
4497 0
4498 0
4499 0
4500 0
4501 0
4502 0
4503 0
4504 0
4505 0
4506 0
4507 0
4508 0
4509 0
4510 0
4511 0
4512 0
4513 0
4514 0
4515 0
4516 0
4517 0
4518 0
4519 0
4520 0
4521 0
4522 0
4523 0
4524 0
4525 0
4526 0
4527 0
4528 0
4529 0
4530 0
4531 0
4532 0
4533 0
4534 0
4535 0
4536 0
4537 0
4538 0
4539 0
4540 0
4541 0
4542 0
4543 0
4544 0
4545 0
4546 0
4547 0
4548 0
4549 0
4550 0
4551 0
4552 0
4553 0
4554 0
4555 0
4556 0
4557 0
4558 0
4559 0
4560 0
4561 0
4562 0
4563 0
4564 0
4565 0
4566 0
4567 0
4568 0
4569 0
4570 0
4571 0
4572 0
4573 0
4574 0
4575 0
4576 0
4577 0
4578 0
4579 0
4580 0
4581 0
4582 0
4583 0
4584 0
4585 0
4586 0
4587 0
4588 0
4589 0
4590 0
4591 0
4592 0
4593 0
4594 0
4595 0
4596 0
4597 0
4598 0
4599 0
4600 0
4601 0
4602 0
4603 0
4604 0
4605 0
4606 0
4607 0
4608 0
4609 0
4610 0
4611 0
4612 0
4613 0
4614 0
4615 0
4616 0
4617 0
4618 0
4619 0
4620 0
4621 0
4622 0
4623 0
4624 0
4625 0
4626 0
4627 0
4628 0
4629 0
4630 0
4631 0
4632 0
4633 0
4634 0
4635 0
4636 0
4637 0
4638 0
4639 0
4640 0
4641 0
4642 0
4643 0
4644 0
4645 0
4646 0
4647 0
4648 0
4649 0
4650 0
4651 0
4652 0
4653 0
4654 0
4655 0
4656 0
4657 0
4658 0
4659 0
4660 0
4661 0
4662 0
4663 0
4664 0
4665 0
4666 0
4667 0
4668 0
4669 0
4670 0
4671 0
4672 0
4673 0
4674 0
4675 0
4676 0
4677 0
4678 0
4679 0
4680 0
4681 0
4682 0
4683 0
4684 0
4685 0
4686 0
4687 0
4688 0
4689 0
4690 0
4691 0
4692 0
4693 0
4694 0
4695 0
4696 0
4697 0
4698 0
4699 0
4700 0
4701 0
4702 0
4703 0
4704 0
4705 0
4706 0
4707 0
4708 0
4709 0
4710 0
4711 0
4712 0
4713 0
4714 0
4715 0
4716 0
4717 0
4718 0
4719 0
4720 0
4721 0
4722 0
4723 0
4724 0
4725 0
4726 0
4727 0
4728 0
4729 0
4730 0
4731 0
4732 0
4733 0
4734 0
4735 0
4736 0
4737 0
4738 0
4739 0
4740 0
4741 0
4742 0
4743 0
4744 0
4745 0
4746 0
4747 0
4748 0
4749 0
4750 0
4751 0
4752 0
4753 0
4754 0
4755 0
4756 0
4757 0
4758 0
4759 0
4760 0
4761 0
4762 0
4763 0
4764 0
4765 0
4766 0
4767 0
4768 0
4769 0
4770 0
4771 0
4772 0
4773 0
4774 0
4775 0
4776 0
4777 0
4778 0
4779 0
4780 0
4781 0
4782 0
4783 0
4784 0
4785 0
4786 0
4787 0
4788 0
4789 0
4790 0
4791 0
4792 0
4793 0
4794 0
4795 0
4796 0
4797 0
4798 0
4799 0
4800 0
4801 0
4802 0
4803 0
4804 0
4805 0
4806 0
4807 0
4808 0
4809 0
4810 0
4811 0
4812 0
4813 0
4814 0
4815 0
4816 0
4817 0
4818 0
4819 0
4820 0
4821 0
4822 0
4823 0
4824 0
4825 0
4826 0
4827 0
4828 0
4829 0
4830 0
4831 0
4832 0
4833 0
4834 0
4835 0
4836 0
4837 0
4838 0
4839 0
4840 0
4841 0
4842 0
4843 0
4844 0
4845 0
4846 0
4847 0
4848 0
4849 0
4850 0
4851 0
4852 0
4853 0
4854 0
4855 0
4856 0
4857 0
4858 0
4859 0
4860 0
4861 0
4862 0
4863 0
4864 0
4865 0
4866 0
4867 0
4868 0
4869 0
4870 0
4871 0
4872 0
4873 0
4874 0
4875 0
4876 0
4877 0
4878 0
4879 0
4880 0
4881 0
4882 0
4883 0
4884 0
4885 0
4886 0
4887 0
4888 0
4889 0
4890 0
4891 0
4892 0
4893 0
4894 0
4895 0
4896 0
4897 0
4898 0
4899 0
4900 0
4901 0
4902 0
4903 0
4904 0
4905 0
4906 0
4907 0
4908 0
4909 0
4910 0
4911 0
4912 0
4913 0
4914 0
4915 0
4916 0
4917 0
4918 0
4919 0
4920 0
4921 0
4922 0
4923 0
4924 0
4925 0
4926 0
4927 0
4928 0
4929 0
4930 0
4931 0
4932 0
4933 0
4934 0
4935 0
4936 0
4937 0
4938 0
4939 0
4940 0
4941 0
4942 0
4943 0
4944 0
4945 0
4946 0
4947 0
4948 0
4949 0
4950 0
4951 0
4952 0
4953 0
4954 0
4955 0
4956 0
4957 0
4958 0
4959 0
4960 0
4961 0
4962 0
4963 0
4964 0
4965 0
4966 0
4967 0
4968 0
4969 0
4970 0
4971 0
4972 0
4973 0
4974 0
4975 0
4976 0
4977 0
4978 0
4979 0
4980 0
4981 0
4982 0
4983 0
4984 0
4985 0
4986 0
4987 0
4988 0
4989 0
4990 0
4991 0
4992 0
4993 0
4994 0
4995 0
4996 0
4997 0
4998 0
4999 0
5000 0
5001 0
5002 0
5003 0
5004 0
5005 0
5006 0
5007 0
5008 0
5009 0
5010 0
5011 0
5012 0
5013 0
5014 0
5015 0
5016 0
5017 0
5018 0
5019 0
5020 0
5021 0
5022 0
5023 0
5024 0
5025 0
5026 0
5027 0
5028 0
5029 0
5030 0
5031 0
5032 0
5033 0
5034 0
5035 0
5036 0
5037 0
5038 0
5039 0
5040 0
5041 0
5042 0
5043 0
5044 0
5045 0
5046 0
5047 0
5048 0
5049 0
5050 0
5051 0
5052 0
5053 0
5054 0
5055 0
5056 0
5057 0
5058 0
5059 0
5060 0
5061 0
5062 0
5063 0
5064 0
5065 0
5066 0
5067 0
5068 0
5069 0
5070 0
5071 0
5072 0
5073 0
5074 0
5075 0
5076 0
5077 0
5078 0
5079 0
5080 0
5081 0
5082 0
5083 0
5084 0
5085 0
5086 0
5087 0
5088 0
5089 0
5090 0
5091 0
5092 0
5093 0
5094 0
5095 0
5096 0
5097 0
5098 0
5099 0
5100 0
5101 0
5102 0
5103 0
5104 0
5105 0
5106 0
5107 0
5108 0
5109 0
5110 0
5111 0
5112 0
5113 0
5114 0
5115 0
5116 0
5117 0
5118 0
5119 0
5120 0
5121 0
5122 0
5123 0
5124 0
5125 0
5126 0
5127 0
5128 0
5129 0
5130 0
5131 0
5132 0
5133 0
5134 0
5135 0
5136 0
5137 0
5138 0
5139 0
5140 0
5141 0
5142 0
5143 0
5144 0
5145 0
5146 0
5147 0
5148 0
5149 0
5150 0
5151 0
5152 0
5153 0
5154 0
5155 0
5156 0
5157 0
5158 0
5159 0
5160 0
5161 0
5162 0
5163 0
5164 0
5165 0
5166 0
5167 0
5168 0
5169 0
5170 0
5171 0
5172 0
5173 0
5174 0
5175 0
5176 0
5177 0
5178 0
5179 0
5180 0
5181 0
5182 0
5183 0
5184 0
5185 0
5186 0
5187 0
5188 0
5189 0
5190 0
5191 0
5192 0
5193 0
5194 0
5195 0
5196 0
5197 0
5198 0
5199 0
5200 0
5201 0
5202 0
5203 0
5204 0
5205 0
5206 0
5207 0
5208 0
5209 0
5210 0
5211 0
5212 0
5213 0
5214 0
5215 0
5216 0
5217 0
5218 0
5219 0
5220 0
5221 0
5222 0
5223 0
5224 0
5225 0
5226 0
5227 0
5228 0
5229 0
5230 0
5231 0
5232 0
5233 0
5234 0
5235 0
5236 0
5237 0
5238 0
5239 0
5240 0
5241 0
5242 0
5243 0
5244 0
5245 0
5246 0
5247 0
5248 0
5249 0
5250 0
5251 0
5252 0
5253 0
5254 0
5255 0
5256 0
5257 0
5258 0
5259 0
5260 0
5261 0
5262 0
5263 0
5264 0
5265 0
5266 0
5267 0
5268 0
5269 0
5270 0
5271 0
5272 0
5273 0
5274 0
5275 0
5276 0
5277 0
5278 0
5279 0
5280 0
5281 0
5282 0
5283 0
5284 0
5285 0
5286 0
5287 0
5288 0
5289 0
5290 0
5291 0
5292 0
5293 0
5294 0
5295 0
5296 0
5297 0
5298 0
5299 0
5300 0
5301 0
5302 0
5303 0
5304 0
5305 0
5306 0
5307 0
5308 0
5309 0
5310 0
5311 0
5312 0
5313 0
5314 0
5315 0
5316 0
5317 0
5318 0
5319 0
5320 0
5321 0
5322 0
5323 0
5324 0
5325 0
5326 0
5327 0
5328 0
5329 0
5330 0
5331 0
5332 0
5333 0
5334 0
5335 0
5336 0
5337 0
5338 0
5339 0
5340 0
5341 0
5342 0
5343 0
5344 0
5345 0
5346 0
5347 0
5348 0
5349 0
5350 0
5351 0
5352 0
5353 0
5354 0
5355 0
5356 0
5357 0
5358 0
5359 0
5360 0
5361 0
5362 0
5363 0
5364 0
5365 0
5366 0
5367 0
5368 0
5369 0
5370 0
5371 0
5372 0
5373 0
5374 0
5375 0
5376 0
5377 0
5378 0
5379 0
5380 0
5381 0
5382 0
5383 0
5384 0
5385 0
5386 0
5387 0
5388 0
5389 0
5390 0
5391 0
5392 0
5393 0
5394 0
5395 0
5396 0
5397 0
5398 0
5399 0
5400 0
5401 0
5402 0
5403 0
5404 0
5405 0
5406 0
5407 0
5408 0
5409 0
5410 0
5411 0
5412 0
5413 0
5414 0
5415 0
5416 0
5417 0
5418 0
5419 0
5420 0
5421 0
5422 0
5423 0
5424 0
5425 0
5426 0
5427 0
5428 0
5429 0
5430 0
5431 0
5432 0
5433 0
5434 0
5435 0
5436 0
5437 0
5438 0
5439 0
5440 0
5441 0
5442 0
5443 0
5444 0
5445 0
5446 0
5447 0
5448 0
5449 0
5450 0
5451 0
5452 0
5453 0
5454 0
5455 0
5456 0
5457 0
5458 0
5459 0
5460 0
5461 0
5462 0
5463 0
5464 0
5465 0
5466 0
5467 0
5468 0
5469 0
5470 0
5471 0
5472 0
5473 0
5474 0
5475 0
5476 0
5477 0
5478 0
5479 0
5480 0
5481 0
5482 0
5483 0
5484 0
5485 0
5486 0
5487 0
5488 0
5489 0
5490 0
5491 0
5492 0
5493 0
5494 0
5495 0
5496 0
5497 0
5498 0
5499 0
5500 0
5501 0
5502 0
5503 0
5504 0
5505 0
5506 0
5507 0
5508 0
5509 0
5510 0
5511 0
5512 0
5513 0
5514 0
5515 0
5516 0
5517 0
5518 0
5519 0
5520 0
5521 0
5522 0
5523 0
5524 0
5525 0
5526 0
5527 0
5528 0
5529 0
5530 0
5531 0
5532 0
5533 0
5534 0
5535 0
5536 0
5537 0
5538 0
5539 0
5540 0
5541 0
5542 0
5543 0
5544 0
5545 0
5546 0
5547 0
5548 0
5549 0
5550 0
5551 0
5552 0
5553 0
5554 0
5555 0
5556 0
5557 0
5558 0
5559 0
5560 0
5561 0
5562 0
5563 0
5564 0
5565 0
5566 0
5567 0
5568 0
5569 0
5570 0
5571 0
5572 0
5573 0
5574 0
5575 0
5576 0
5577 0
5578 0
5579 0
5580 0
5581 0
5582 0
5583 0
5584 0
5585 0
5586 0
5587 0
5588 0
5589 0
5590 0
5591 0
5592 0
5593 0
5594 0
5595 0
5596 0
5597 0
5598 0
5599 0
5600 0
5601 0
5602 0
5603 0
5604 0
5605 0
5606 0
5607 0
5608 0
5609 0
5610 0
5611 0
5612 0
5613 0
5614 0
5615 0
5616 0
5617 0
5618 0
5619 0
5620 0
5621 0
5622 0
5623 0
5624 0
5625 0
5626 0
5627 0
5628 0
5629 0
5630 0
5631 0
5632 0
5633 0
5634 0
5635 0
5636 0
5637 0
5638 0
5639 0
5640 0
5641 0
5642 0
5643 0
5644 0
5645 0
5646 0
5647 0
5648 0
5649 0
5650 0
5651 0
5652 0
5653 0
5654 0
5655 0
5656 0
5657 0
5658 0
5659 0
5660 0
5661 0
5662 0
5663 0
5664 0
5665 0
5666 0
5667 0
5668 0
5669 0
5670 0
5671 0
5672 0
5673 0
5674 0
5675 0
5676 0
5677 0
5678 0
5679 0
5680 0
5681 0
5682 0
5683 0
5684 0
5685 0
5686 0
5687 0
5688 0
5689 0
5690 0
5691 0
5692 0
5693 0
5694 0
5695 0
5696 0
5697 0
5698 0
5699 0
5700 0
5701 0
5702 0
5703 0
5704 0
5705 0
5706 0
5707 0
5708 0
5709 0
5710 0
5711 0
5712 0
5713 0
5714 0
5715 0
5716 0
5717 0
5718 0
5719 0
5720 0
5721 0
5722 0
5723 0
5724 0
5725 0
5726 0
5727 0
5728 0
5729 0
5730 0
5731 0
5732 0
5733 0
5734 0
5735 0
5736 0
5737 0
5738 0
5739 0
5740 0
5741 0
5742 0
5743 0
5744 0
5745 0
5746 0
5747 0
5748 0
5749 0
5750 0
5751 0
5752 0
5753 0
5754 0
5755 0
5756 0
5757 0
5758 0
5759 0
5760 0
5761 0
5762 0
5763 0
5764 0
5765 0
5766 0
5767 0
5768 0
5769 0
5770 0
5771 0
5772 0
5773 0
5774 0
5775 0
5776 0
5777 0
5778 0
5779 0
5780 0
5781 0
5782 0
5783 0
5784 0
5785 0
5786 0
5787 0
5788 0
5789 0
5790 0
5791 0
5792 0
5793 0
5794 0
5795 0
5796 0
5797 0
5798 0
5799 0
5800 0
5801 0
5802 0
5803 0
5804 0
5805 0
5806 0
5807 0
5808 0
5809 0
5810 0
5811 0
5812 0
5813 0
5814 0
5815 0
5816 0
5817 0
5818 0
5819 0
5820 0
5821 0
5822 0
5823 0
5824 0
5825 0
5826 0
5827 0
5828 0
5829 0
5830 0
5831 0
5832 0
5833 0
5834 0
5835 0
5836 0
5837 0
5838 0
5839 0
5840 0
5841 0
5842 0
5843 0
5844 0
5845 0
5846 0
5847 0
5848 0
5849 0
5850 0
5851 0
5852 0
5853 0
5854 0
5855 0
5856 0
5857 0
5858 0
5859 0
5860 0
5861 0
5862 0
5863 0
5864 0
5865 0
5866 0
5867 0
5868 0
5869 0
5870 0
5871 0
5872 0
5873 0
5874 0
5875 0
5876 0
5877 0
5878 0
5879 0
5880 0
5881 0
5882 0
5883 0
5884 0
5885 0
5886 0
5887 0
5888 0
5889 0
5890 0
5891 0
5892 0
5893 0
5894 0
5895 0
5896 0
5897 0
5898 0
5899 0
5900 0
5901 0
5902 0
5903 0
5904 0
5905 0
5906 0
5907 0
5908 0
5909 0
5910 0
5911 0
5912 0
5913 0
5914 0
5915 0
5916 0
5917 0
5918 0
5919 0
5920 0
5921 0
5922 0
5923 0
5924 0
5925 0
5926 0
5927 0
5928 0
5929 0
5930 0
5931 0
5932 0
5933 0
5934 0
5935 0
5936 0
5937 0
5938 0
5939 0
5940 0
5941 0
5942 0
5943 0
5944 0
5945 0
5946 0
5947 0
5948 0
5949 0
5950 0
5951 0
5952 0
5953 0
5954 0
5955 0
5956 0
5957 0
5958 0
5959 0
5960 0
5961 0
5962 0
5963 0
5964 0
5965 0
5966 0
5967 0
5968 0
5969 0
5970 0
5971 0
5972 0
5973 0
5974 0
5975 0
5976 0
5977 0
5978 0
5979 0
5980 0
5981 0
5982 0
5983 0
5984 0
5985 0
5986 0
5987 0
5988 0
5989 0
5990 0
5991 0
5992 0
5993 0
5994 0
5995 0
5996 0
5997 0
5998 0
5999 0
6000 0
6001 0
6002 0
6003 0
6004 0
6005 0
6006 0
6007 0
6008 0
6009 0
6010 0
6011 0
6012 0
6013 0
6014 0
6015 0
6016 0
6017 0
6018 0
6019 0
6020 0
6021 0
6022 0
6023 0
6024 0
6025 0
6026 0
6027 0
6028 0
6029 0
6030 0
6031 0
6032 0
6033 0
6034 0
6035 0
6036 0
6037 0
6038 0
6039 0
6040 0
6041 0
6042 0
6043 0
6044 0
6045 0
6046 0
6047 0
6048 0
6049 0
6050 0
6051 0
6052 0
6053 0
6054 0
6055 0
6056 0
6057 0
6058 0
6059 0
6060 0
6061 0
6062 0
6063 0
6064 0
6065 0
6066 0
6067 0
6068 0
6069 0
6070 0
6071 0
6072 0
6073 0
6074 0
6075 0
6076 0
6077 0
6078 0
6079 0
6080 0
6081 0
6082 0
6083 0
6084 0
6085 0
6086 0
6087 0
6088 0
6089 0
6090 0
6091 0
6092 0
6093 0
6094 0
6095 0
6096 0
6097 0
6098 0
6099 0
6100 0
6101 0
6102 0
6103 0
6104 0
6105 0
6106 0
6107 0
6108 0
6109 0
6110 0
6111 0
6112 0
6113 0
6114 0
6115 0
6116 0
6117 0
6118 0
6119 0
6120 0
6121 0
6122 0
6123 0
6124 0
6125 0
6126 0
6127 0
6128 0
6129 0
6130 0
6131 0
6132 0
6133 0
6134 0
6135 0
6136 0
6137 0
6138 0
6139 0
6140 0
6141 0
6142 0
6143 0
