0 4608000
1 9214200
2 47601252
3 78247236
4 77878804
5 77484646
6 77107256
7 76704648
8 76329008
9 75930674
10 75517950
11 75112578
12 74722870
13 74334308
14 73932552
15 73489206
16 73131692
17 72714924
18 72312926
19 71933894
20 71517292
21 71109858
22 70726624
23 70324146
24 69917306
25 69538842
26 69140444
27 68852716
28 68566660
29 68252464
30 67967330
31 67667626
32 67336362
33 67043850
34 66737942
35 66430588
36 66135756
37 65811904
38 65505316
39 65205460
40 64905742
41 64591594
42 64305398
43 64010536
44 63716766
45 63413052
46 63124074
47 62826066
48 62508678
49 62208170
50 61923688
51 61645328
52 61317186
53 61033450
54 60772238
55 60524666
56 60277710
57 60041404
58 59806102
59 59549074
60 59293948
61 59057222
62 58822258
63 58547164
64 58312508
65 58087644
66 57821914
67 57572098
68 57336624
69 57122220
70 56889958
71 56692818
72 56492906
73 56274546
74 56080210
75 55884166
76 55677632
77 55473242
78 55282320
79 55090196
80 54870036
81 54685490
82 54504668
83 54298528
84 54115796
85 53932000
86 53736764
87 53540092
88 53366734
89 53186408
90 52981318
91 52791374
92 52619370
93 52434004
94 52238690
95 52055390
96 51879232
97 51717638
98 51552608
99 51370542
100 51222770
101 51049820
102 50873494
103 50699902
104 50547762
105 50375390
106 50221368
107 50055642
108 49913642
109 49738320
110 49595066
111 49427980
112 49292930
113 49156886
114 48996754
115 48859466
116 48704638
117 48557196
118 48410110
119 48269372
120 48126338
121 47981550
122 47841296
123 47695648
124 47573468
125 47431232
126 47288952
127 47134022
128 47019422
129 46879336
130 46733926
131 46588816
132 46434576
133 46308282
134 46171644
135 46021196
136 45884076
137 45745480
138 45604976
139 45462798
140 45322084
141 45202520
142 45053400
143 44919650
144 44786738
145 44644800
146 44509712
147 44352088
148 44249000
149 44095852
150 43989124
151 43843226
152 43707624
153 43565238
154 43430820
155 43297614
156 43158386
157 43027962
158 42906304
159 42769742
160 42642138
161 42503338
162 42393844
163 42259210
164 42130902
165 42003326
166 41879604
167 41737150
168 41650158
169 41504372
170 41404002
171 41280016
172 41173982
173 41057428
174 40930290
175 40824946
176 40703192
177 40579690
178 40469156
179 40345842
180 40219890
181 40101498
182 39987980
183 39870660
184 39756238
185 39633250
186 39511906
187 39400590
188 39278122
189 39169224
190 39055994
191 38945538
192 38827302
193 38680910
194 38569834
195 38468142
196 38355648
197 38229964
198 38108198
199 37993470
200 37879032
201 37783064
202 37650754
203 37527386
204 37415588
205 37297066
206 37174102
207 37070926
208 36954830
209 36842154
210 36733056
211 36625192
212 36503736
213 36392548
214 36270174
215 36164944
216 36050274
217 35942370
218 35828990
219 35720352
220 35600802
221 35507992
222 35398276
223 35284030
224 35160858
225 35079598
226 34962334
227 34846516
228 34734952
229 34624708
230 34519770
231 34403470
232 34315476
233 34197872
234 34098410
235 33986986
236 33882200
237 33763344
238 33670368
239 33550740
240 33460900
241 33348862
242 33237916
243 33124562
244 33026304
245 32918826
246 32813476
247 32714218
248 32604470
249 32504514
250 32393366
251 32293894
252 32202084
253 32097382
254 31991056
255 31883456
256 31793692
257 31683854
258 31591428
259 31493042
260 31364816
261 31261978
262 31180002
263 31072962
264 30973576
265 30871130
266 30787032
267 30682540
268 30572428
269 30480474
270 30387810
271 30295634
272 30187602
273 30088992
274 30001190
275 29893340
276 29791300
277 29706546
278 29598458
279 29509276
280 29407414
281 29310856
282 29226708
283 29128406
284 29046056
285 28950594
286 28855382
287 28761402
288 28673470
289 28562538
290 28468066
291 28393760
292 28298852
293 28210754
294 28112866
295 28025438
296 27946244
297 27863224
298 27774938
299 27690546
300 27593012
301 27509348
302 27417214
303 27331942
304 27245064
305 27165132
306 27072098
307 26980886
308 26902602
309 26815574
310 26722140
311 26642004
312 26571086
313 26471780
314 26395150
315 26322434
316 26237824
317 26144858
318 26059620
319 25982406
320 25892484
321 25818542
322 25731138
323 25657162
324 25566486
325 25493056
326 25418808
327 25339150
328 25253672
329 25191104
330 25093174
331 25022140
332 24939172
333 24864446
334 24784020
335 24712690
336 24639792
337 24558650
338 24487534
339 24410926
340 24333030
341 24252214
342 24175374
343 24099084
344 24030224
345 23949990
346 23883866
347 23808656
348 23738942
349 23658794
350 23593716
351 23508580
352 23432990
353 23369722
354 23299606
355 23227182
356 23159980
357 23086882
358 23035928
359 22955376
360 22894314
361 22828614
362 22767914
363 22693788
364 22621266
365 22556662
366 22497076
367 22433520
368 22364260
369 22292974
370 22244312
371 22172174
372 22106998
373 22040736
374 21976636
375 21911262
376 21860316
377 21791738
378 21727140
379 21667594
380 21603318
381 21558058
382 21488478
383 21425016
384 21370782
385 21296074
386 21239462
387 21173416
388 21121536
389 21057436
390 20996964
391 20943296
392 20876730
393 20823846
394 20755478
395 20694852
396 20636342
397 20587490
398 20528702
399 20468810
400 20412300
401 20358688
402 20305670
403 20233480
404 20190458
405 20137734
406 20087894
407 20025850
408 19979022
409 19916790
410 19859910
411 19802618
412 19757078
413 19692416
414 19640354
415 19583706
416 19536228
417 19475858
418 19418384
419 19367668
420 19315404
421 19261338
422 19210884
423 19155854
424 19090616
425 19051364
426 19009556
427 18936918
428 18886418
429 18838038
430 18788658
431 18727958
432 18671860
433 18619870
434 18578004
435 18521188
436 18469206
437 18414992
438 18364480
439 18315506
440 18267514
441 18217590
442 18166186
443 18108792
444 18062396
445 18004676
446 17953590
447 17906250
448 17858850
449 17812508
450 17762114
451 17702668
452 17661170
453 17601936
454 17559288
455 17516018
456 17469236
457 17415040
458 17362288
459 17326890
460 17273704
461 17230776
462 17181348
463 17134288
464 17092176
465 17039964
466 17002638
467 16942008
468 16915816
469 16873724
470 16816328
471 16774778
472 16734328
473 16688520
474 16643446
475 16604760
476 16556504
477 16508462
478 16473728
479 16415750
480 16377110
481 16338772
482 16290992
483 16250562
484 16200290
485 16161420
486 16110182
487 16067054
488 16028442
489 15984764
490 15936418
491 15898294
492 15849474
493 15809928
494 15768106
495 15730026
496 15686114
497 15631050
498 15590690
499 15550446
500 15509482
501 15464884
502 15423500
503 15379354
504 15328486
505 15302680
506 15247900
507 15211576
508 15167382
509 15126466
510 15076490
511 15036868
512 15003506
513 14940060
514 14913010
515 14873078
516 14823564
517 14788314
518 14748298
519 14699288
520 14660802
521 14622202
522 14583602
523 14533434
524 14498312
525 14460590
526 14411000
527 14374968
528 14337512
529 14297312
530 14254968
531 14218968
532 14174492
533 14130986
534 14087196
535 14048564
536 14021514
537 13971878
538 13928214
539 13894186
540 13855236
541 13816198
542 13773192
543 13739146
544 13699104
545 13662676
546 13618340
547 13585404
548 13542054
549 13503002
550 13464126
551 13432576
552 13394098
553 13354014
554 13325322
555 13280972
556 13254154
557 13213630
558 13169612
559 13134956
560 13106530
561 13067492
562 13030246
563 12990448
564 12955594
565 12930928
566 12881928
567 12844934
568 12822910
569 12784780
570 12750774
571 12707234
572 12673310
573 12644462
574 12612924
575 12569218
576 12532918
577 12506420
578 12461338
579 12429778
580 12397640
581 12365716
582 12335394
583 12300780
584 12256834
585 12227086
586 12198574
587 12164600
588 12135702
589 12094976
590 12064540
591 12038510
592 12001602
593 11962106
594 11931652
595 11897644
596 11863596
597 11840882
598 11806926
599 11773820
600 11743220
601 11713808
602 11680300
603 11648496
604 11617858
605 11583880
606 11555456
607 11525656
608 11490314
609 11460024
610 11432032
611 11397044
612 11370132
613 11335492
614 11305602
615 11276410
616 11245864
617 11216356
618 11187514
619 11160912
620 11123248
621 11091360
622 11062374
623 11031676
624 11006172
625 10976456
626 10951174
627 10913348
628 10889116
629 10854852
630 10825870
631 10803158
632 10771350
633 10746174
634 10708750
635 10687406
636 10657396
637 10628870
638 10599136
639 10572900
640 10540434
641 10517498
642 10492454
643 10455720
644 10429128
645 10403636
646 10374496
647 10339390
648 10324082
649 10292576
650 10262880
651 10239524
652 10209974
653 10175834
654 10151270
655 10122834
656 10096590
657 10069936
658 10048956
659 10017468
660 9995918
661 9961780
662 9935330
663 9912082
664 9887870
665 9855154
666 9831138
667 9809214
668 9777814
669 9753514
670 9725976
671 9702580
672 9668166
673 9653856
674 9626610
675 9595476
676 9571772
677 9544100
678 9522578
679 9494474
680 9468502
681 9442888
682 9416898
683 9391578
684 9368402
685 9340344
686 9317826
687 9287286
688 9265234
689 9242048
690 9216434
691 9193070
692 9160644
693 9146508
694 9118514
695 9090786
696 9068032
697 9050252
698 9023552
699 8993410
700 8969972
701 8946166
702 8926882
703 8894540
704 8879646
705 8852396
706 8831688
707 8802910
708 8785852
709 8761222
710 8740980
711 8714574
712 8692618
713 8669894
714 8638994
715 8621966
716 8599646
717 8576550
718 8551998
719 8532688
720 8505610
721 8486540
722 8459136
723 8441274
724 8418162
725 8394680
726 8369886
727 8349612
728 8330234
729 8305090
730 8275488
731 8261118
732 8239996
733 8221556
734 8202210
735 8180672
736 8155370
737 8128520
738 8107394
739 8087642
740 8065060
741 8044748
742 8025064
743 8003502
744 7981734
745 7963922
746 7938540
747 7913846
748 7892120
749 7876014
750 7853114
751 7832726
752 7810032
753 7796304
754 7770820
755 7753542
756 7727344
757 7712710
758 7691898
759 7668744
760 7649380
761 7626772
762 7611574
763 7589136
764 7572802
765 7553196
766 7530800
767 7510066
768 7487240
769 7467094
770 7443754
771 7429082
772 7409740
773 7389352
774 7367690
775 7345662
776 7323940
777 7312518
778 7291846
779 7269394
780 7246248
781 7227040
782 7205858
783 7189554
784 7166124
785 7150574
786 7127626
787 7110474
788 7093212
789 7074268
790 7059856
791 7030558
792 7014192
793 6994450
794 6980892
795 6962588
796 6941454
797 6922284
798 6899174
799 6886522
800 6865496
801 6848768
802 6826546
803 6809438
804 6793640
805 6775474
806 6757484
807 6738208
808 6723648
809 6698416
810 6684810
811 6662320
812 6647928
813 6627596
814 6609804
815 6598606
816 6570828
817 6554454
818 6540444
819 6522926
820 6504764
821 6486052
822 6472408
823 6452848
824 6434008
825 6415976
826 6397446
827 6384258
828 6364130
829 6348056
830 6327500
831 6312976
832 6300244
833 6280760
834 6266472
835 6247886
836 6232202
837 6214108
838 6197382
839 6180088
840 6164846
841 6147988
842 6132942
843 6116342
844 6102950
845 6087694
846 6066876
847 6053684
848 6039412
849 6022220
850 6006492
851 5992926
852 5975252
853 5962012
854 5941900
855 5931522
856 5912534
857 5897686
858 5880634
859 5869526
860 5850488
861 5841020
862 5822502
863 5805068
864 5795006
865 5776502
866 5763608
867 5743108
868 5726852
869 5713572
870 5702796
871 5681400
872 5667932
873 5652036
874 5636364
875 5623268
876 5607852
877 5596352
878 5581436
879 5564070
880 5548216
881 5533452
882 5519322
883 5505066
884 5489398
885 5473834
886 5458264
887 5438372
888 5426060
889 5415632
890 5399252
891 5385802
892 5368082
893 5361482
894 5346342
895 5330214
896 5316972
897 5307412
898 5290684
899 5277006
900 5258772
901 5247836
902 5231740
903 5215990
904 5202478
905 5188546
906 5175754
907 5159800
908 5145446
909 5128628
910 5117170
911 5104406
912 5088424
913 5076766
914 5061690
915 5050520
916 5041964
917 5024546
918 5007022
919 4995294
920 4984554
921 4966380
922 4956878
923 4941898
924 4930764
925 4916814
926 4898526
927 4887066
928 4875368
929 4856048
930 4848464
931 4832200
932 4821898
933 4806846
934 4794998
935 4781590
936 4767950
937 4748882
938 4742540
939 4729112
940 4713600
941 4704982
942 4685146
943 4674754
944 4662812
945 4648564
946 4643826
947 4627656
948 4615694
949 4603312
950 4590802
951 4576494
952 4564444
953 4547638
954 4539486
955 4528682
956 4513268
957 4502668
958 4485368
959 4475758
960 4466164
961 4447394
962 4437468
963 4428430
964 4415626
965 4402186
966 4395212
967 4383538
968 4368120
969 4354562
970 4344550
971 4332024
972 4322138
973 4310450
974 4295866
975 4284024
976 4270834
977 4262642
978 4248950
979 4235892
980 4224326
981 4213574
982 4201368
983 4186548
984 4179758
985 4167376
986 4157466
987 4141214
988 4129984
989 4117694
990 4108506
991 4098428
992 4087108
993 4078902
994 4068512
995 4053658
996 4041702
997 4028606
998 4021472
999 4010720
1000 3999242
1001 3987048
1002 3975368
1003 3963258
1004 3954022
1005 3939648
1006 3928966
1007 3920304
1008 3911184
1009 3898126
1010 3888060
1011 3878950
1012 3869200
1013 3853544
1014 3845736
1015 3831934
1016 3824618
1017 3814504
1018 3805330
1019 3791300
1020 3785584
1021 3774438
1022 3762220
1023 3753470
1024 3739146
1025 3729752
1026 3718814
1027 3710440
1028 3701906
1029 3688124
1030 3679458
1031 3671508
1032 3661444
1033 3651946
1034 3640148
1035 3629060
1036 3620742
1037 3609222
1038 3597294
1039 3590976
1040 3574940
1041 3569174
1042 3555292
1043 3547122
1044 3540898
1045 3530410
1046 3521058
1047 3506584
1048 3502564
1049 3491034
1050 3481328
1051 3471224
1052 3460358
1053 3449776
1054 3442944
1055 3431076
1056 3420412
1057 3414912
1058 3406362
1059 3395564
1060 3381866
1061 3375730
1062 3365434
1063 3355670
1064 3348556
1065 3340618
1066 3329092
1067 3321632
1068 3309728
1069 3302372
1070 3290788
1071 3283424
1072 3274544
1073 3264484
1074 3254458
1075 3248738
1076 3240190
1077 3230158
1078 3220652
1079 3212532
1080 3202992
1081 3194004
1082 3182596
1083 3176346
1084 3167906
1085 3160488
1086 3148168
1087 3141656
1088 3133430
1089 3127774
1090 3119576
1091 3108324
1092 3101772
1093 3092976
1094 3082382
1095 3074880
1096 3064574
1097 3056286
1098 3046824
1099 3039670
1100 3033798
1101 3026678
1102 3014852
1103 3005032
1104 2995794
1105 2987892
1106 2981166
1107 2973014
1108 2965740
1109 2957490
1110 2949024
1111 2941400
1112 2933456
1113 2920072
1114 2915652
1115 2912310
1116 2902072
1117 2889418
1118 2887008
1119 2876344
1120 2869214
1121 2859584
1122 2849178
1123 2843744
1124 2832690
1125 2824790
1126 2819306
1127 2809946
1128 2800096
1129 2796056
1130 2783590
1131 2776792
1132 2769178
1133 2764924
1134 2752038
1135 2746406
1136 2740670
1137 2733286
1138 2724084
1139 2717836
1140 2707752
1141 2701212
1142 2695904
1143 2686482
1144 2677524
1145 2670286
1146 2659140
1147 2652200
1148 2648108
1149 2639388
1150 2632606
1151 2622636
1152 2614726
1153 2604142
1154 2599794
1155 2590708
1156 2582922
1157 2576708
1158 2568966
1159 2561666
1160 2555084
1161 2548290
1162 2541014
1163 2531548
1164 2524010
1165 2518298
1166 2510084
1167 2505208
1168 2495858
1169 2489648
1170 2480646
1171 2473866
1172 2465600
1173 2461734
1174 2452918
1175 2446698
1176 2438706
1177 2430686
1178 2428054
1179 2416592
1180 2414056
1181 2404690
1182 2398322
1183 2395546
1184 2383154
1185 2378702
1186 2371142
1187 2362510
1188 2355896
1189 2352490
1190 2343476
1191 2333594
1192 2328686
1193 2321474
1194 2315084
1195 2307388
1196 2300852
1197 2295892
1198 2289958
1199 2281354
1200 2274284
1201 2266026
1202 2263376
1203 2256056
1204 2249370
1205 2241964
1206 2236510
1207 2230020
1208 2225170
1209 2218386
1210 2212130
1211 2202632
1212 2195124
1213 2190110
1214 2183012
1215 2179240
1216 2170826
1217 2167976
1218 2157952
1219 2154196
1220 2147070
1221 2139812
1222 2133024
1223 2126370
1224 2121162
1225 2113946
1226 2106426
1227 2102178
1228 2095678
1229 2089406
1230 2083288
1231 2076196
1232 2067200
1233 2063002
1234 2053924
1235 2049042
1236 2041296
1237 2034870
1238 2030238
1239 2020800
1240 2016022
1241 2012514
1242 2004654
1243 2000546
1244 1993050
1245 1987146
1246 1980978
1247 1970990
1248 1967644
1249 1961368
1250 1956776
1251 1949166
1252 1945712
1253 1937358
1254 1931500
1255 1925156
1256 1919870
1257 1913076
1258 1908864
1259 1899996
1260 1893596
1261 1889306
1262 1882428
1263 1879228
1264 1871770
1265 1867100
1266 1861656
1267 1855356
1268 1849072
1269 1842770
1270 1837676
1271 1832528
1272 1823680
1273 1819732
1274 1812232
1275 1806532
1276 1803926
1277 1797486
1278 1789216
1279 1783592
1280 1780244
1281 1773674
1282 1769324
1283 1764142
1284 1758682
1285 1750848
1286 1747494
1287 1741074
1288 1736954
1289 1731134
1290 1723252
1291 1720156
1292 1711870
1293 1709364
1294 1704956
1295 1697632
1296 1695012
1297 1685434
1298 1684072
1299 1677034
1300 1672668
1301 1666692
1302 1662438
1303 1659608
1304 1653164
1305 1647920
1306 1644372
1307 1637072
1308 1633118
1309 1628820
1310 1623066
1311 1618808
1312 1612228
1313 1607748
1314 1601282
1315 1596824
1316 1593562
1317 1588358
1318 1582854
1319 1578480
1320 1571776
1321 1568080
1322 1564104
1323 1559394
1324 1555012
1325 1550012
1326 1542254
1327 1538716
1328 1533862
1329 1530716
1330 1526692
1331 1521648
1332 1518418
1333 1513620
1334 1510110
1335 1505286
1336 1498994
1337 1497696
1338 1493728
1339 1487116
1340 1484890
1341 1480134
1342 1475282
1343 1473782
1344 1468222
1345 1461908
1346 1458862
1347 1456926
1348 1450310
1349 1447206
1350 1442248
1351 1439154
1352 1434274
1353 1431190
1354 1426982
1355 1422334
1356 1418698
1357 1415680
1358 1411182
1359 1405380
1360 1400414
1361 1398826
1362 1393424
1363 1389320
1364 1388454
1365 1381860
1366 1377554
1367 1372366
1368 1369918
1369 1364966
1370 1360954
1371 1357912
1372 1353032
1373 1351008
1374 1345964
1375 1340926
1376 1337808
1377 1334798
1378 1328802
1379 1324010
1380 1322022
1381 1318746
1382 1314834
1383 1309784
1384 1306078
1385 1301182
1386 1300618
1387 1295558
1388 1293172
1389 1287886
1390 1283076
1391 1281916
1392 1277686
1393 1273190
1394 1271034
1395 1265738
1396 1264502
1397 1259522
1398 1256692
1399 1252236
1400 1246864
1401 1246666
1402 1240380
1403 1238926
1404 1236172
1405 1232086
1406 1229438
1407 1224884
1408 1220884
1409 1218570
1410 1215068
1411 1211998
1412 1207966
1413 1206484
1414 1199722
1415 1198338
1416 1194830
1417 1190184
1418 1187166
1419 1185006
1420 1179986
1421 1178476
1422 1175248
1423 1171878
1424 1169896
1425 1165708
1426 1163088
1427 1158732
1428 1156758
1429 1154936
1430 1150844
1431 1146366
1432 1145094
1433 1142318
1434 1138260
1435 1135852
1436 1132674
1437 1129656
1438 1126622
1439 1124668
1440 1120432
1441 1116918
1442 1114324
1443 1110766
1444 1106452
1445 1105888
1446 1102482
1447 1097812
1448 1096276
1449 1094474
1450 1092306
1451 1088070
1452 1083228
1453 1079874
1454 1078566
1455 1075498
1456 1070552
1457 1068770
1458 1066768
1459 1063684
1460 1061100
1461 1058896
1462 1054188
1463 1052996
1464 1048066
1465 1046122
1466 1043834
1467 1040650
1468 1037568
1469 1033592
1470 1032864
1471 1030460
1472 1025950
1473 1022644
1474 1020274
1475 1016504
1476 1016648
1477 1012156
1478 1010438
1479 1005604
1480 1003882
1481 1001980
1482 998008
1483 995718
1484 994068
1485 990260
1486 987790
1487 987266
1488 982844
1489 980200
1490 975236
1491 973336
1492 969714
1493 967396
1494 965198
1495 961828
1496 961100
1497 957238
1498 954790
1499 952218
1500 949502
1501 946598
1502 945566
1503 940238
1504 938696
1505 935300
1506 932410
1507 929638
1508 927796
1509 924822
1510 923124
1511 919114
1512 917252
1513 915230
1514 913052
1515 910268
1516 907520
1517 905638
1518 902792
1519 900836
1520 897936
1521 894272
1522 893608
1523 891392
1524 888638
1525 887044
1526 882234
1527 881934
1528 878664
1529 877116
1530 874806
1531 871742
1532 867636
1533 866236
1534 864212
1535 861762
1536 858452
1537 856340
1538 855122
1539 852576
1540 849930
1541 846712
1542 844476
1543 842062
1544 839488
1545 835500
1546 835122
1547 834030
1548 829858
1549 828736
1550 826046
1551 823800
1552 820436
1553 818380
1554 815662
1555 812376
1556 811888
1557 808252
1558 808082
1559 804260
1560 802394
1561 799024
1562 797766
1563 794302
1564 794164
1565 790004
1566 788256
1567 786386
1568 784522
1569 781560
1570 778624
1571 776028
1572 773726
1573 771892
1574 770402
1575 769286
1576 766048
1577 762962
1578 762148
1579 759934
1580 757046
1581 755580
1582 753962
1583 750964
1584 749610
1585 746606
1586 744750
1587 743754
1588 741682
1589 739190
1590 737620
1591 735398
1592 732876
1593 730276
1594 729850
1595 726684
1596 725994
1597 723348
1598 720886
1599 718950
1600 717574
1601 714356
1602 714136
1603 710984
1604 709478
1605 707628
1606 704692
1607 702870
1608 700226
1609 698724
1610 697234
1611 695428
1612 693036
1613 689994
1614 690518
1615 689266
1616 685670
1617 684612
1618 682180
1619 680800
1620 678580
1621 676008
1622 675038
1623 672358
1624 670138
1625 669688
1626 667516
1627 664548
1628 663836
1629 661798
1630 659352
1631 657684
1632 655534
1633 654676
1634 653294
1635 649728
1636 647804
1637 645538
1638 644490
1639 642480
1640 639854
1641 638798
1642 636224
1643 634902
1644 633592
1645 629984
1646 629404
1647 627166
1648 625962
1649 623516
1650 621862
1651 619542
1652 619172
1653 616868
1654 614898
1655 612322
1656 611722
1657 608430
1658 607208
1659 605694
1660 604866
1661 601272
1662 599482
1663 598482
1664 595770
1665 595646
1666 593710
1667 592426
1668 589686
1669 587732
1670 585906
1671 584158
1672 582472
1673 581062
1674 579228
1675 577012
1676 576490
1677 574294
1678 573052
1679 571324
1680 568994
1681 566502
1682 565916
1683 564388
1684 562698
1685 560418
1686 558830
1687 558660
1688 556516
1689 553980
1690 553850
1691 551138
1692 549640
1693 547992
1694 545984
1695 544136
1696 543110
1697 542120
1698 539514
1699 538058
1700 534666
1701 534764
1702 533274
1703 531310
1704 530528
1705 527988
1706 526364
1707 525716
1708 523068
1709 523010
1710 520658
1711 518598
1712 518418
1713 516218
1714 514918
1715 513930
1716 512480
1717 510060
1718 508722
1719 506844
1720 505984
1721 503892
1722 502298
1723 501178
1724 498844
1725 497742
1726 496924
1727 494678
1728 493966
1729 492872
1730 490942
1731 488622
1732 488036
1733 486322
1734 484540
1735 483422
1736 482214
1737 480304
1738 478254
1739 477764
1740 475820
1741 474664
1742 473530
1743 472704
1744 471078
1745 469432
1746 467020
1747 466202
1748 464762
1749 463802
1750 462220
1751 460956
1752 459524
1753 457652
1754 457160
1755 454148
1756 453790
1757 452046
1758 449962
1759 448910
1760 447818
1761 447010
1762 445826
1763 443758
1764 442150
1765 440968
1766 439828
1767 438698
1768 437278
1769 435672
1770 434010
1771 433052
1772 430908
1773 429836
1774 428070
1775 427364
1776 425732
1777 423888
1778 423228
1779 421302
1780 419140
1781 418016
1782 416962
1783 416752
1784 415212
1785 413576
1786 412386
1787 411308
1788 410400
1789 408866
1790 407206
1791 404904
1792 404832
1793 404070
1794 402188
1795 400296
1796 399118
1797 397966
1798 397192
1799 396118
1800 394940
1801 393020
1802 390830
1803 390468
1804 388396
1805 388130
1806 386858
1807 385460
1808 383708
1809 382978
1810 381554
1811 380506
1812 379158
1813 378092
1814 376928
1815 375336
1816 374172
1817 373728
1818 372038
1819 370348
1820 368932
1821 367668
1822 366358
1823 365604
1824 364018
1825 362306
1826 361242
1827 359976
1828 359306
1829 356832
1830 356312
1831 355310
1832 354866
1833 352806
1834 351804
1835 350544
1836 349188
1837 348696
1838 347258
1839 346860
1840 344696
1841 342544
1842 342236
1843 341232
1844 340308
1845 339332
1846 337254
1847 336258
1848 335730
1849 334138
1850 333912
1851 332214
1852 330974
1853 329538
1854 329766
1855 328222
1856 326396
1857 326052
1858 324046
1859 324362
1860 321824
1861 321228
1862 320270
1863 319458
1864 319356
1865 318490
1866 317036
1867 315730
1868 314314
1869 313620
1870 312278
1871 312414
1872 310614
1873 309584
1874 308840
1875 307322
1876 306448
1877 305044
1878 304488
1879 304142
1880 302350
1881 302082
1882 300650
1883 300090
1884 299130
1885 297826
1886 297626
1887 296742
1888 294776
1889 294038
1890 293242
1891 292710
1892 291988
1893 290646
1894 289828
1895 289306
1896 287254
1897 287212
1898 286526
1899 285388
1900 285096
1901 282856
1902 282918
1903 282338
1904 281282
1905 279492
1906 279116
1907 278118
1908 277428
1909 277288
1910 275470
1911 275482
1912 274116
1913 273578
1914 272240
1915 270866
1916 270334
1917 269150
1918 268114
1919 267548
1920 267020
1921 265868
1922 264992
1923 263806
1924 263986
1925 262178
1926 261356
1927 260730
1928 260502
1929 258194
1930 257848
1931 257472
1932 256876
1933 255872
1934 254434
1935 253906
1936 252980
1937 251728
1938 250926
1939 250270
1940 249438
1941 249268
1942 248194
1943 247256
1944 246782
1945 245356
1946 244514
1947 243982
1948 243174
1949 241962
1950 241244
1951 241266
1952 240122
1953 239284
1954 238250
1955 238012
1956 236440
1957 235438
1958 235096
1959 234152
1960 233688
1961 232694
1962 232258
1963 231330
1964 230716
1965 229554
1966 228740
1967 227920
1968 226954
1969 226326
1970 225088
1971 224006
1972 223804
1973 223668
1974 222432
1975 221746
1976 220956
1977 219952
1978 219892
1979 218828
1980 218282
1981 217962
1982 216892
1983 215678
1984 215534
1985 214966
1986 214334
1987 213046
1988 212376
1989 211984
1990 211376
1991 210678
1992 209302
1993 208872
1994 208114
1995 207190
1996 206870
1997 206550
1998 205736
1999 204708
2000 204370
2001 204240
2002 202800
2003 202160
2004 201440
2005 200876
2006 200674
2007 199336
2008 199124
2009 198404
2010 197934
2011 197038
2012 196264
2013 195850
2014 195224
2015 194224
2016 193420
2017 193692
2018 192530
2019 192182
2020 190946
2021 190716
2022 189620
2023 190236
2024 188690
2025 187986
2026 187396
2027 186866
2028 186494
2029 185670
2030 184604
2031 183660
2032 183240
2033 183258
2034 182410
2035 181426
2036 180906
2037 180548
2038 179432
2039 178518
2040 178068
2041 177942
2042 177414
2043 176818
2044 176230
2045 175314
2046 174322
2047 173648
2048 173456
2049 173274
2050 172136
2051 171622
2052 170462
2053 170302
2054 169292
2055 168674
2056 168866
2057 168470
2058 167564
2059 166338
2060 165616
2061 165404
2062 164270
2063 164064
2064 163804
2065 163262
2066 162588
2067 161820
2068 161280
2069 161298
2070 160520
2071 160174
2072 159366
2073 158592
2074 158028
2075 157652
2076 157044
2077 156426
2078 155734
2079 154560
2080 155028
2081 154020
2082 153922
2083 152986
2084 152364
2085 152136
2086 152070
2087 151302
2088 150500
2089 149980
2090 149782
2091 149352
2092 148820
2093 148328
2094 147706
2095 147130
2096 147072
2097 146028
2098 145754
2099 144720
2100 144810
2101 143702
2102 143396
2103 143044
2104 142224
2105 141690
2106 141618
2107 141292
2108 140256
2109 139914
2110 139420
2111 138686
2112 137954
2113 138164
2114 137594
2115 136428
2116 136192
2117 136120
2118 135242
2119 134760
2120 134334
2121 133828
2122 133110
2123 132752
2124 132616
2125 131776
2126 131008
2127 131006
2128 130616
2129 129934
2130 129322
2131 129080
2132 128374
2133 127700
2134 127444
2135 127222
2136 127062
2137 126454
2138 126086
2139 125312
2140 125610
2141 124436
2142 124026
2143 123598
2144 123224
2145 122730
2146 122380
2147 121568
2148 120978
2149 120370
2150 119996
2151 119324
2152 119376
2153 118396
2154 118582
2155 117740
2156 117572
2157 117110
2158 116660
2159 115922
2160 115924
2161 114694
2162 115088
2163 114370
2164 113904
2165 113488
2166 112870
2167 112494
2168 112560
2169 111808
2170 111500
2171 111052
2172 110878
2173 109710
2174 109662
2175 109268
2176 108442
2177 108334
2178 107544
2179 107222
2180 106870
2181 106088
2182 105718
2183 105348
2184 104974
2185 104978
2186 104046
2187 103788
2188 103556
2189 103220
2190 102098
2191 102322
2192 101626
2193 101246
2194 100448
2195 100298
2196 99998
2197 99654
2198 98860
2199 98830
2200 98510
2201 98166
2202 97666
2203 97044
2204 96616
2205 96548
2206 96184
2207 95498
2208 95158
2209 94390
2210 94134
2211 94014
2212 93408
2213 93108
2214 92666
2215 92672
2216 91736
2217 91410
2218 91080
2219 91374
2220 90988
2221 89816
2222 89798
2223 89520
2224 89178
2225 89288
2226 88582
2227 88250
2228 88010
2229 87472
2230 87024
2231 86814
2232 86578
2233 86376
2234 85510
2235 85352
2236 85384
2237 84652
2238 84316
2239 84238
2240 83740
2241 83400
2242 82950
2243 82906
2244 82914
2245 82364
2246 81896
2247 81124
2248 81132
2249 80774
2250 80344
2251 80014
2252 80124
2253 79490
2254 79128
2255 78720
2256 78492
2257 77948
2258 77590
2259 77322
2260 77094
2261 76812
2262 76730
2263 75740
2264 75780
2265 75248
2266 75336
2267 74486
2268 74142
2269 73780
2270 74084
2271 73598
2272 73162
2273 73034
2274 72454
2275 71904
2276 71694
2277 71280
2278 71282
2279 70868
2280 70434
2281 70312
2282 70320
2283 69594
2284 69526
2285 69008
2286 68924
2287 68590
2288 68270
2289 68210
2290 67906
2291 67496
2292 67132
2293 67034
2294 66746
2295 66446
2296 66046
2297 65938
2298 65588
2299 65180
2300 65122
2301 65044
2302 64390
2303 64804
2304 63956
2305 63928
2306 63198
2307 63166
2308 62906
2309 62724
2310 62490
2311 61950
2312 61846
2313 61626
2314 61074
2315 61348
2316 60806
2317 60582
2318 60386
2319 59898
2320 59898
2321 59322
2322 59358
2323 59316
2324 58528
2325 58526
2326 58118
2327 58166
2328 57744
2329 57762
2330 57278
2331 56762
2332 56700
2333 56440
2334 56162
2335 55686
2336 55540
2337 55434
2338 55230
2339 55062
2340 54526
2341 54284
2342 54264
2343 54200
2344 53784
2345 53476
2346 53386
2347 53604
2348 52908
2349 52542
2350 52410
2351 52236
2352 52142
2353 51798
2354 51836
2355 51380
2356 51008
2357 50990
2358 51094
2359 50556
2360 50508
2361 50004
2362 49858
2363 49362
2364 49086
2365 49416
2366 48916
2367 48766
2368 48300
2369 48150
2370 48140
2371 47778
2372 47550
2373 47166
2374 47034
2375 46870
2376 46698
2377 46292
2378 46148
2379 45792
2380 45690
2381 45568
2382 45438
2383 45150
2384 44752
2385 44452
2386 44482
2387 43958
2388 43874
2389 43456
2390 43458
2391 43024
2392 42886
2393 42400
2394 42384
2395 42358
2396 41914
2397 41978
2398 41406
2399 41494
2400 40998
2401 41100
2402 40654
2403 40496
2404 40432
2405 40066
2406 39660
2407 39818
2408 39442
2409 39154
2410 38848
2411 38610
2412 38284
2413 38310
2414 38042
2415 37748
2416 37676
2417 37442
2418 37298
2419 36974
2420 37026
2421 36792
2422 36444
2423 36348
2424 36298
2425 36146
2426 35936
2427 35730
2428 35788
2429 35330
2430 35290
2431 35200
2432 34874
2433 34788
2434 34812
2435 34406
2436 34504
2437 34110
2438 33916
2439 33818
2440 33512
2441 33766
2442 33322
2443 33264
2444 32994
2445 33034
2446 32940
2447 32602
2448 32602
2449 32288
2450 32366
2451 32108
2452 31918
2453 31846
2454 31696
2455 31486
2456 31194
2457 31136
2458 31130
2459 30996
2460 30750
2461 30396
2462 30412
2463 30308
2464 30028
2465 29870
2466 29806
2467 29626
2468 29298
2469 29300
2470 29092
2471 29034
2472 29010
2473 28828
2474 28856
2475 28458
2476 28470
2477 28274
2478 28238
2479 27796
2480 27674
2481 27816
2482 27626
2483 27558
2484 27432
2485 27338
2486 27048
2487 27160
2488 26870
2489 26702
2490 26682
2491 26466
2492 26384
2493 26132
2494 26006
2495 25900
2496 25960
2497 25670
2498 25404
2499 25406
2500 25214
2501 25210
2502 25128
2503 24848
2504 24758
2505 24600
2506 24548
2507 24350
2508 24360
2509 24120
2510 24102
2511 23996
2512 23852
2513 23758
2514 23622
2515 23522
2516 23518
2517 23152
2518 23168
2519 23018
2520 22848
2521 22766
2522 22718
2523 22606
2524 22502
2525 22282
2526 22234
2527 22044
2528 22010
2529 22080
2530 21848
2531 21806
2532 21620
2533 21698
2534 21496
2535 21250
2536 21386
2537 21230
2538 21028
2539 20976
2540 21056
2541 20844
2542 20710
2543 20632
2544 20566
2545 20218
2546 20394
2547 20456
2548 20084
2549 19958
2550 19954
2551 19860
2552 19680
2553 19674
2554 19640
2555 19440
2556 19506
2557 19276
2558 19266
2559 19208
2560 19104
2561 18862
2562 18920
2563 18778
2564 18770
2565 18626
2566 18380
2567 18404
2568 18302
2569 18088
2570 18108
2571 17956
2572 18044
2573 17878
2574 17808
2575 17648
2576 17646
2577 17772
2578 17582
2579 17390
2580 17196
2581 17180
2582 16984
2583 16940
2584 17004
2585 16970
2586 16780
2587 16774
2588 16694
2589 16570
2590 16578
2591 16386
2592 16418
2593 16322
2594 16210
2595 16068
2596 15976
2597 15900
2598 15844
2599 15908
2600 15758
2601 15536
2602 15524
2603 15300
2604 15300
2605 15036
2606 15238
2607 15034
2608 15100
2609 15106
2610 14804
2611 14810
2612 14786
2613 14700
2614 14650
2615 14480
2616 14494
2617 14434
2618 14346
2619 14414
2620 14234
2621 14062
2622 14076
2623 14082
2624 13950
2625 13922
2626 13662
2627 13542
2628 13538
2629 13548
2630 13456
2631 13356
2632 13348
2633 13256
2634 13126
2635 13092
2636 13040
2637 12834
2638 12884
2639 12840
2640 12628
2641 12634
2642 12598
2643 12616
2644 12454
2645 12416
2646 12272
2647 12248
2648 12142
2649 12180
2650 12100
2651 11968
2652 11924
2653 11886
2654 11786
2655 11716
2656 11646
2657 11526
2658 11470
2659 11406
2660 11296
2661 11286
2662 11190
2663 11214
2664 11004
2665 11056
2666 10970
2667 10878
2668 10826
2669 10814
2670 10734
2671 10482
2672 10330
2673 10350
2674 10328
2675 10152
2676 10194
2677 10182
2678 9974
2679 10038
2680 9928
2681 9748
2682 9708
2683 9634
2684 9588
2685 9644
2686 9478
2687 9364
2688 9318
2689 9324
2690 9234
2691 9102
2692 9052
2693 8958
2694 8932
2695 8780
2696 8770
2697 8684
2698 8518
2699 8632
2700 8498
2701 8418
2702 8532
2703 8386
2704 8346
2705 8208
2706 8170
2707 8188
2708 8090
2709 8110
2710 7938
2711 7856
2712 7828
2713 7830
2714 7762
2715 7642
2716 7604
2717 7578
2718 7558
2719 7536
2720 7412
2721 7356
2722 7384
2723 7286
2724 7154
2725 7142
2726 7170
2727 7086
2728 6878
2729 6956
2730 6950
2731 6868
2732 6812
2733 6770
2734 6746
2735 6700
2736 6576
2737 6582
2738 6474
2739 6464
2740 6386
2741 6364
2742 6296
2743 6266
2744 6276
2745 6252
2746 6136
2747 6100
2748 6058
2749 6082
2750 6054
2751 6046
2752 5942
2753 6002
2754 5954
2755 5912
2756 5838
2757 5800
2758 5784
2759 5770
2760 5742
2761 5614
2762 5718
2763 5726
2764 5582
2765 5612
2766 5540
2767 5568
2768 5516
2769 5492
2770 5510
2771 5438
2772 5484
2773 5460
2774 5386
2775 5432
2776 5424
2777 5352
2778 5288
2779 5328
2780 5260
2781 5196
2782 5204
2783 5222
2784 5146
2785 5194
2786 5162
2787 5116
2788 5024
2789 5026
2790 5000
2791 5016
2792 4946
2793 4944
2794 4936
2795 4976
2796 4860
2797 4836
2798 4798
2799 4850
2800 4758
2801 4728
2802 4670
2803 4720
2804 4612
2805 4606
2806 4602
2807 4620
2808 4596
2809 4564
2810 4542
2811 4474
2812 4456
2813 4384
2814 4338
2815 4412
2816 4424
2817 4404
2818 4344
2819 4368
2820 4240
2821 4208
2822 4206
2823 4204
2824 4140
2825 4192
2826 4164
2827 4052
2828 4144
2829 4118
2830 4092
2831 4090
2832 4078
2833 4040
2834 3932
2835 3930
2836 4004
2837 3914
2838 4006
2839 3900
2840 3934
2841 3900
2842 3858
2843 3796
2844 3814
2845 3856
2846 3830
2847 3730
2848 3792
2849 3748
2850 3744
2851 3706
2852 3748
2853 3656
2854 3682
2855 3610
2856 3668
2857 3562
2858 3586
2859 3552
2860 3548
2861 3526
2862 3506
2863 3530
2864 3484
2865 3448
2866 3498
2867 3436
2868 3470
2869 3422
2870 3388
2871 3364
2872 3430
2873 3392
2874 3342
2875 3360
2876 3302
2877 3274
2878 3280
2879 3282
2880 3258
2881 3158
2882 3214
2883 3176
2884 3182
2885 3222
2886 3200
2887 3162
2888 3190
2889 3198
2890 3110
2891 3106
2892 3046
2893 3120
2894 3074
2895 3102
2896 3060
2897 3014
2898 3076
2899 3050
2900 2994
2901 2876
2902 2940
2903 2940
2904 2924
2905 2912
2906 2916
2907 2930
2908 2908
2909 2910
2910 2810
2911 2828
2912 2830
2913 2814
2914 2866
2915 2830
2916 2894
2917 2776
2918 2808
2919 2778
2920 2796
2921 2752
2922 2732
2923 2684
2924 2710
2925 2702
2926 2726
2927 2708
2928 2686
2929 2682
2930 2662
2931 2616
2932 2638
2933 2586
2934 2644
2935 2596
2936 2638
2937 2592
2938 2546
2939 2588
2940 2590
2941 2568
2942 2598
2943 2528
2944 2566
2945 2512
2946 2540
2947 2492
2948 2536
2949 2516
2950 2482
2951 2434
2952 2460
2953 2472
2954 2406
2955 2374
2956 2420
2957 2384
2958 2364
2959 2324
2960 2360
2961 2396
2962 2372
2963 2386
2964 2310
2965 2260
2966 2294
2967 2264
2968 2298
2969 2266
2970 2290
2971 2222
2972 2270
2973 2248
2974 2216
2975 2198
2976 2228
2977 2154
2978 2158
2979 2216
2980 2180
2981 2152
2982 2178
2983 2128
2984 2098
2985 2128
2986 2080
2987 2068
2988 2072
2989 2006
2990 2024
2991 2028
2992 2110
2993 2018
2994 1972
2995 2010
2996 1946
2997 1972
2998 1982
2999 1968
3000 1992
3001 1958
3002 1970
3003 1958
3004 1916
3005 1940
3006 1876
3007 1898
3008 1872
3009 1864
3010 1890
3011 1834
3012 1868
3013 1834
3014 1794
3015 1822
3016 1804
3017 1774
3018 1788
3019 1740
3020 1776
3021 1744
3022 1732
3023 1748
3024 1700
3025 1704
3026 1708
3027 1704
3028 1672
3029 1646
3030 1640
3031 1634
3032 1640
3033 1610
3034 1602
3035 1588
3036 1588
3037 1554
3038 1576
3039 1594
3040 1570
3041 1550
3042 1512
3043 1488
3044 1514
3045 1522
3046 1492
3047 1492
3048 1476
3049 1454
3050 1438
3051 1444
3052 1420
3053 1420
3054 1356
3055 1428
3056 1396
3057 1364
3058 1374
3059 1358
3060 1342
3061 1356
3062 1360
3063 1322
3064 1284
3065 1322
3066 1278
3067 1284
3068 1256
3069 1266
3070 1222
3071 1256
3072 1236
3073 1194
3074 1182
3075 1186
3076 1178
3077 1148
3078 1164
3079 1188
3080 1150
3081 1174
3082 1138
3083 1112
3084 1120
3085 1104
3086 1094
3087 1106
3088 1108
3089 1058
3090 1044
3091 1058
3092 1064
3093 1006
3094 1020
3095 1020
3096 992
3097 962
3098 994
3099 986
3100 940
3101 942
3102 952
3103 904
3104 926
3105 924
3106 870
3107 856
3108 882
3109 842
3110 798
3111 856
3112 830
3113 770
3114 784
3115 784
3116 758
3117 724
3118 738
3119 742
3120 682
3121 730
3122 696
3123 686
3124 660
3125 670
3126 646
3127 652
3128 636
3129 616
3130 594
3131 620
3132 578
3133 570
3134 566
3135 566
3136 540
3137 520
3138 512
3139 512
3140 494
3141 490
3142 478
3143 490
3144 456
3145 480
3146 440
3147 414
3148 426
3149 410
3150 380
3151 414
3152 398
3153 386
3154 356
3155 342
3156 326
3157 330
3158 340
3159 314
3160 300
3161 302
3162 292
3163 268
3164 262
3165 276
3166 260
3167 242
3168 234
3169 224
3170 198
3171 190
3172 182
3173 172
3174 172
3175 142
3176 132
3177 124
3178 130
3179 104
3180 94
3181 94
3182 90
3183 88
3184 82
3185 82
3186 78
3187 74
3188 64
3189 58
3190 60
3191 48
3192 36
3193 38
3194 28
3195 22
3196 18
3197 10
3198 8
3199 6
3200 0
3201 0
3202 0
3203 0
3204 0
3205 0
3206 0
3207 0
3208 0
3209 0
3210 0
3211 0
3212 0
3213 0
3214 0
3215 0
3216 0
3217 0
3218 0
3219 0
3220 0
3221 0
3222 0
3223 0
3224 0
3225 0
3226 0
3227 0
3228 0
3229 0
3230 0
3231 0
3232 0
3233 0
3234 0
3235 0
3236 0
3237 0
3238 0
3239 0
3240 0
3241 0
3242 0
3243 0
3244 0
3245 0
3246 0
3247 0
3248 0
3249 0
3250 0
3251 0
3252 0
3253 0
3254 0
3255 0
3256 0
3257 0
3258 0
3259 0
3260 0
3261 0
3262 0
3263 0
3264 0
3265 0
3266 0
3267 0
3268 0
3269 0
3270 0
3271 0
3272 0
3273 0
3274 0
3275 0
3276 0
3277 0
3278 0
3279 0
3280 0
3281 0
3282 0
3283 0
3284 0
3285 0
3286 0
3287 0
3288 0
3289 0
3290 0
3291 0
3292 0
3293 0
3294 0
3295 0
3296 0
3297 0
3298 0
3299 0
3300 0
3301 0
3302 0
3303 0
3304 0
3305 0
3306 0
3307 0
3308 0
3309 0
3310 0
3311 0
3312 0
3313 0
3314 0
3315 0
3316 0
3317 0
3318 0
3319 0
3320 0
3321 0
3322 0
3323 0
3324 0
3325 0
3326 0
3327 0
3328 0
3329 0
3330 0
3331 0
3332 0
3333 0
3334 0
3335 0
3336 0
3337 0
3338 0
3339 0
3340 0
3341 0
3342 0
3343 0
3344 0
3345 0
3346 0
3347 0
3348 0
3349 0
3350 0
3351 0
3352 0
3353 0
3354 0
3355 0
3356 0
3357 0
3358 0
3359 0
3360 0
3361 0
3362 0
3363 0
3364 0
3365 0
3366 0
3367 0
3368 0
3369 0
3370 0
3371 0
3372 0
3373 0
3374 0
3375 0
3376 0
3377 0
3378 0
3379 0
3380 0
3381 0
3382 0
3383 0
3384 0
3385 0
3386 0
3387 0
3388 0
3389 0
3390 0
3391 0
3392 0
3393 0
3394 0
3395 0
3396 0
3397 0
3398 0
3399 0
3400 0
3401 0
3402 0
3403 0
3404 0
3405 0
3406 0
3407 0
3408 0
3409 0
3410 0
3411 0
3412 0
3413 0
3414 0
3415 0
3416 0
3417 0
3418 0
3419 0
3420 0
3421 0
3422 0
3423 0
3424 0
3425 0
3426 0
3427 0
3428 0
3429 0
3430 0
3431 0
3432 0
3433 0
3434 0
3435 0
3436 0
3437 0
3438 0
3439 0
3440 0
3441 0
3442 0
3443 0
3444 0
3445 0
3446 0
3447 0
3448 0
3449 0
3450 0
3451 0
3452 0
3453 0
3454 0
3455 0
3456 0
3457 0
3458 0
3459 0
3460 0
3461 0
3462 0
3463 0
3464 0
3465 0
3466 0
3467 0
3468 0
3469 0
3470 0
3471 0
3472 0
3473 0
3474 0
3475 0
3476 0
3477 0
3478 0
3479 0
3480 0
3481 0
3482 0
3483 0
3484 0
3485 0
3486 0
3487 0
3488 0
3489 0
3490 0
3491 0
3492 0
3493 0
3494 0
3495 0
3496 0
3497 0
3498 0
3499 0
3500 0
3501 0
3502 0
3503 0
3504 0
3505 0
3506 0
3507 0
3508 0
3509 0
3510 0
3511 0
3512 0
3513 0
3514 0
3515 0
3516 0
3517 0
3518 0
3519 0
3520 0
3521 0
3522 0
3523 0
3524 0
3525 0
3526 0
3527 0
3528 0
3529 0
3530 0
3531 0
3532 0
3533 0
3534 0
3535 0
3536 0
3537 0
3538 0
3539 0
3540 0
3541 0
3542 0
3543 0
3544 0
3545 0
3546 0
3547 0
3548 0
3549 0
3550 0
3551 0
3552 0
3553 0
3554 0
3555 0
3556 0
3557 0
3558 0
3559 0
3560 0
3561 0
3562 0
3563 0
3564 0
3565 0
3566 0
3567 0
3568 0
3569 0
3570 0
3571 0
3572 0
3573 0
3574 0
3575 0
3576 0
3577 0
3578 0
3579 0
3580 0
3581 0
3582 0
3583 0
3584 0
3585 0
3586 0
3587 0
3588 0
3589 0
3590 0
3591 0
3592 0
3593 0
3594 0
3595 0
3596 0
3597 0
3598 0
3599 0
3600 0
3601 0
3602 0
3603 0
3604 0
3605 0
3606 0
3607 0
3608 0
3609 0
3610 0
3611 0
3612 0
3613 0
3614 0
3615 0
3616 0
3617 0
3618 0
3619 0
3620 0
3621 0
3622 0
3623 0
3624 0
3625 0
3626 0
3627 0
3628 0
3629 0
3630 0
3631 0
3632 0
3633 0
3634 0
3635 0
3636 0
3637 0
3638 0
3639 0
3640 0
3641 0
3642 0
3643 0
3644 0
3645 0
3646 0
3647 0
3648 0
3649 0
3650 0
3651 0
3652 0
3653 0
3654 0
3655 0
3656 0
3657 0
3658 0
3659 0
3660 0
3661 0
3662 0
3663 0
3664 0
3665 0
3666 0
3667 0
3668 0
3669 0
3670 0
3671 0
3672 0
3673 0
3674 0
3675 0
3676 0
3677 0
3678 0
3679 0
3680 0
3681 0
3682 0
3683 0
3684 0
3685 0
3686 0
3687 0
3688 0
3689 0
3690 0
3691 0
3692 0
3693 0
3694 0
3695 0
3696 0
3697 0
3698 0
3699 0
3700 0
3701 0
3702 0
3703 0
3704 0
3705 0
3706 0
3707 0
3708 0
3709 0
3710 0
3711 0
3712 0
3713 0
3714 0
3715 0
3716 0
3717 0
3718 0
3719 0
3720 0
3721 0
3722 0
3723 0
3724 0
3725 0
3726 0
3727 0
3728 0
3729 0
3730 0
3731 0
3732 0
3733 0
3734 0
3735 0
3736 0
3737 0
3738 0
3739 0
3740 0
3741 0
3742 0
3743 0
3744 0
3745 0
3746 0
3747 0
3748 0
3749 0
3750 0
3751 0
3752 0
3753 0
3754 0
3755 0
3756 0
3757 0
3758 0
3759 0
3760 0
3761 0
3762 0
3763 0
3764 0
3765 0
3766 0
3767 0
3768 0
3769 0
3770 0
3771 0
3772 0
3773 0
3774 0
3775 0
3776 0
3777 0
3778 0
3779 0
3780 0
3781 0
3782 0
3783 0
3784 0
3785 0
3786 0
3787 0
3788 0
3789 0
3790 0
3791 0
3792 0
3793 0
3794 0
3795 0
3796 0
3797 0
3798 0
3799 0
3800 0
3801 0
3802 0
3803 0
3804 0
3805 0
3806 0
3807 0
3808 0
3809 0
3810 0
3811 0
3812 0
3813 0
3814 0
3815 0
3816 0
3817 0
3818 0
3819 0
3820 0
3821 0
3822 0
3823 0
3824 0
3825 0
3826 0
3827 0
3828 0
3829 0
3830 0
3831 0
3832 0
3833 0
3834 0
3835 0
3836 0
3837 0
3838 0
3839 0
3840 0
3841 0
3842 0
3843 0
3844 0
3845 0
3846 0
3847 0
3848 0
3849 0
3850 0
3851 0
3852 0
3853 0
3854 0
3855 0
3856 0
3857 0
3858 0
3859 0
3860 0
3861 0
3862 0
3863 0
3864 0
3865 0
3866 0
3867 0
3868 0
3869 0
3870 0
3871 0
3872 0
3873 0
3874 0
3875 0
3876 0
3877 0
3878 0
3879 0
3880 0
3881 0
3882 0
3883 0
3884 0
3885 0
3886 0
3887 0
3888 0
3889 0
3890 0
3891 0
3892 0
3893 0
3894 0
3895 0
3896 0
3897 0
3898 0
3899 0
3900 0
3901 0
3902 0
3903 0
3904 0
3905 0
3906 0
3907 0
3908 0
3909 0
3910 0
3911 0
3912 0
3913 0
3914 0
3915 0
3916 0
3917 0
3918 0
3919 0
3920 0
3921 0
3922 0
3923 0
3924 0
3925 0
3926 0
3927 0
3928 0
3929 0
3930 0
3931 0
3932 0
3933 0
3934 0
3935 0
3936 0
3937 0
3938 0
3939 0
3940 0
3941 0
3942 0
3943 0
3944 0
3945 0
3946 0
3947 0
3948 0
3949 0
3950 0
3951 0
3952 0
3953 0
3954 0
3955 0
3956 0
3957 0
3958 0
3959 0
3960 0
3961 0
3962 0
3963 0
3964 0
3965 0
3966 0
3967 0
3968 0
3969 0
3970 0
3971 0
3972 0
3973 0
3974 0
3975 0
3976 0
3977 0
3978 0
3979 0
3980 0
3981 0
3982 0
3983 0
3984 0
3985 0
3986 0
3987 0
3988 0
3989 0
3990 0
3991 0
3992 0
3993 0
3994 0
3995 0
3996 0
3997 0
3998 0
3999 0
4000 0
4001 0
4002 0
4003 0
4004 0
4005 0
4006 0
4007 0
4008 0
4009 0
4010 0
4011 0
4012 0
4013 0
4014 0
4015 0
4016 0
4017 0
4018 0
4019 0
4020 0
4021 0
4022 0
4023 0
4024 0
4025 0
4026 0
4027 0
4028 0
4029 0
4030 0
4031 0
4032 0
4033 0
4034 0
4035 0
4036 0
4037 0
4038 0
4039 0
4040 0
4041 0
4042 0
4043 0
4044 0
4045 0
4046 0
4047 0
4048 0
4049 0
4050 0
4051 0
4052 0
4053 0
4054 0
4055 0
4056 0
4057 0
4058 0
4059 0
4060 0
4061 0
4062 0
4063 0
4064 0
4065 0
4066 0
4067 0
4068 0
4069 0
4070 0
4071 0
4072 0
4073 0
4074 0
4075 0
4076 0
4077 0
4078 0
4079 0
4080 0
4081 0
4082 0
4083 0
4084 0
4085 0
4086 0
4087 0
4088 0
4089 0
4090 0
4091 0
4092 0
4093 0
4094 0
4095 0
4096 0
4097 0
4098 0
4099 0
4100 0
4101 0
4102 0
4103 0
4104 0
4105 0
4106 0
4107 0
4108 0
4109 0
4110 0
4111 0
4112 0
4113 0
4114 0
4115 0
4116 0
4117 0
4118 0
4119 0
4120 0
4121 0
4122 0
4123 0
4124 0
4125 0
4126 0
4127 0
4128 0
4129 0
4130 0
4131 0
4132 0
4133 0
4134 0
4135 0
4136 0
4137 0
4138 0
4139 0
4140 0
4141 0
4142 0
4143 0
4144 0
4145 0
4146 0
4147 0
4148 0
4149 0
4150 0
4151 0
4152 0
4153 0
4154 0
4155 0
4156 0
4157 0
4158 0
4159 0
4160 0
4161 0
4162 0
4163 0
4164 0
4165 0
4166 0
4167 0
4168 0
4169 0
4170 0
4171 0
4172 0
4173 0
4174 0
4175 0
4176 0
4177 0
4178 0
4179 0
4180 0
4181 0
4182 0
4183 0
4184 0
4185 0
4186 0
4187 0
4188 0
4189 0
4190 0
4191 0
4192 0
4193 0
4194 0
4195 0
4196 0
4197 0
4198 0
4199 0
4200 0
4201 0
4202 0
4203 0
4204 0
4205 0
4206 0
4207 0
4208 0
4209 0
4210 0
4211 0
4212 0
4213 0
4214 0
4215 0
4216 0
4217 0
4218 0
4219 0
4220 0
4221 0
4222 0
4223 0
4224 0
4225 0
4226 0
4227 0
4228 0
4229 0
4230 0
4231 0
4232 0
4233 0
4234 0
4235 0
4236 0
4237 0
4238 0
4239 0
4240 0
4241 0
4242 0
4243 0
4244 0
4245 0
4246 0
4247 0
4248 0
4249 0
4250 0
4251 0
4252 0
4253 0
4254 0
4255 0
4256 0
4257 0
4258 0
4259 0
4260 0
4261 0
4262 0
4263 0
4264 0
4265 0
4266 0
4267 0
4268 0
4269 0
4270 0
4271 0
4272 0
4273 0
4274 0
4275 0
4276 0
4277 0
4278 0
4279 0
4280 0
4281 0
4282 0
4283 0
4284 0
4285 0
4286 0
4287 0
4288 0
4289 0
4290 0
4291 0
4292 0
4293 0
4294 0
4295 0
4296 0
4297 0
4298 0
4299 0
4300 0
4301 0
4302 0
4303 0
4304 0
4305 0
4306 0
4307 0
4308 0
4309 0
4310 0
4311 0
4312 0
4313 0
4314 0
4315 0
4316 0
4317 0
4318 0
4319 0
4320 0
4321 0
4322 0
4323 0
4324 0
4325 0
4326 0
4327 0
4328 0
4329 0
4330 0
4331 0
4332 0
4333 0
4334 0
4335 0
4336 0
4337 0
4338 0
4339 0
4340 0
4341 0
4342 0
4343 0
4344 0
4345 0
4346 0
4347 0
4348 0
4349 0
4350 0
4351 0
4352 0
4353 0
4354 0
4355 0
4356 0
4357 0
4358 0
4359 0
4360 0
4361 0
4362 0
4363 0
4364 0
4365 0
4366 0
4367 0
4368 0
4369 0
4370 0
4371 0
4372 0
4373 0
4374 0
4375 0
4376 0
4377 0
4378 0
4379 0
4380 0
4381 0
4382 0
4383 0
4384 0
4385 0
4386 0
4387 0
4388 0
4389 0
4390 0
4391 0
4392 0
4393 0
4394 0
4395 0
4396 0
4397 0
4398 0
4399 0
4400 0
4401 0
4402 0
4403 0
4404 0
4405 0
4406 0
4407 0
4408 0
4409 0
4410 0
4411 0
4412 0
4413 0
4414 0
4415 0
4416 0
4417 0
4418 0
4419 0
4420 0
4421 0
4422 0
4423 0
4424 0
4425 0
4426 0
4427 0
4428 0
4429 0
4430 0
4431 0
4432 0
4433 0
4434 0
4435 0
4436 0
4437 0
4438 0
4439 0
4440 0
4441 0
4442 0
4443 0
4444 0
4445 0
4446 0
4447 0
4448 0
4449 0
4450 0
4451 0
4452 0
4453 0
4454 0
4455 0
4456 0
4457 0
4458 0
4459 0
4460 0
4461 0
4462 0
4463 0
4464 0
4465 0
4466 0
4467 0
4468 0
4469 0
4470 0
4471 0
4472 0
4473 0
4474 0
4475 0
4476 0
4477 0
4478 0
4479 0
4480 0
4481 0
4482 0
4483 0
4484 0
4485 0
4486 0
4487 0
4488 0
4489 0
4490 0
4491 0
4492 0
4493 0
4494 0
4495 0
4496 0
4497 0
4498 0
4499 0
4500 0
4501 0
4502 0
4503 0
4504 0
4505 0
4506 0
4507 0
4508 0
4509 0
4510 0
4511 0
4512 0
4513 0
4514 0
4515 0
4516 0
4517 0
4518 0
4519 0
4520 0
4521 0
4522 0
4523 0
4524 0
4525 0
4526 0
4527 0
4528 0
4529 0
4530 0
4531 0
4532 0
4533 0
4534 0
4535 0
4536 0
4537 0
4538 0
4539 0
4540 0
4541 0
4542 0
4543 0
4544 0
4545 0
4546 0
4547 0
4548 0
4549 0
4550 0
4551 0
4552 0
4553 0
4554 0
4555 0
4556 0
4557 0
4558 0
4559 0
4560 0
4561 0
4562 0
4563 0
4564 0
4565 0
4566 0
4567 0
4568 0
4569 0
4570 0
4571 0
4572 0
4573 0
4574 0
4575 0
4576 0
4577 0
4578 0
4579 0
4580 0
4581 0
4582 0
4583 0
4584 0
4585 0
4586 0
4587 0
4588 0
4589 0
4590 0
4591 0
4592 0
4593 0
4594 0
4595 0
4596 0
4597 0
4598 0
4599 0
4600 0
4601 0
4602 0
4603 0
4604 0
4605 0
4606 0
4607 0
4608 0
4609 0
4610 0
4611 0
4612 0
4613 0
4614 0
4615 0
4616 0
4617 0
4618 0
4619 0
4620 0
4621 0
4622 0
4623 0
4624 0
4625 0
4626 0
4627 0
4628 0
4629 0
4630 0
4631 0
4632 0
4633 0
4634 0
4635 0
4636 0
4637 0
4638 0
4639 0
4640 0
4641 0
4642 0
4643 0
4644 0
4645 0
4646 0
4647 0
4648 0
4649 0
4650 0
4651 0
4652 0
4653 0
4654 0
4655 0
4656 0
4657 0
4658 0
4659 0
4660 0
4661 0
4662 0
4663 0
4664 0
4665 0
4666 0
4667 0
4668 0
4669 0
4670 0
4671 0
4672 0
4673 0
4674 0
4675 0
4676 0
4677 0
4678 0
4679 0
4680 0
4681 0
4682 0
4683 0
4684 0
4685 0
4686 0
4687 0
4688 0
4689 0
4690 0
4691 0
4692 0
4693 0
4694 0
4695 0
4696 0
4697 0
4698 0
4699 0
4700 0
4701 0
4702 0
4703 0
4704 0
4705 0
4706 0
4707 0
4708 0
4709 0
4710 0
4711 0
4712 0
4713 0
4714 0
4715 0
4716 0
4717 0
4718 0
4719 0
4720 0
4721 0
4722 0
4723 0
4724 0
4725 0
4726 0
4727 0
4728 0
4729 0
4730 0
4731 0
4732 0
4733 0
4734 0
4735 0
4736 0
4737 0
4738 0
4739 0
4740 0
4741 0
4742 0
4743 0
4744 0
4745 0
4746 0
4747 0
4748 0
4749 0
4750 0
4751 0
4752 0
4753 0
4754 0
4755 0
4756 0
4757 0
4758 0
4759 0
4760 0
4761 0
4762 0
4763 0
4764 0
4765 0
4766 0
4767 0
4768 0
4769 0
4770 0
4771 0
4772 0
4773 0
4774 0
4775 0
4776 0
4777 0
4778 0
4779 0
4780 0
4781 0
4782 0
4783 0
4784 0
4785 0
4786 0
4787 0
4788 0
4789 0
4790 0
4791 0
4792 0
4793 0
4794 0
4795 0
4796 0
4797 0
4798 0
4799 0
4800 0
4801 0
4802 0
4803 0
4804 0
4805 0
4806 0
4807 0
4808 0
4809 0
4810 0
4811 0
4812 0
4813 0
4814 0
4815 0
4816 0
4817 0
4818 0
4819 0
4820 0
4821 0
4822 0
4823 0
4824 0
4825 0
4826 0
4827 0
4828 0
4829 0
4830 0
4831 0
4832 0
4833 0
4834 0
4835 0
4836 0
4837 0
4838 0
4839 0
4840 0
4841 0
4842 0
4843 0
4844 0
4845 0
4846 0
4847 0
4848 0
4849 0
4850 0
4851 0
4852 0
4853 0
4854 0
4855 0
4856 0
4857 0
4858 0
4859 0
4860 0
4861 0
4862 0
4863 0
4864 0
4865 0
4866 0
4867 0
4868 0
4869 0
4870 0
4871 0
4872 0
4873 0
4874 0
4875 0
4876 0
4877 0
4878 0
4879 0
4880 0
4881 0
4882 0
4883 0
4884 0
4885 0
4886 0
4887 0
4888 0
4889 0
4890 0
4891 0
4892 0
4893 0
4894 0
4895 0
4896 0
4897 0
4898 0
4899 0
4900 0
4901 0
4902 0
4903 0
4904 0
4905 0
4906 0
4907 0
4908 0
4909 0
4910 0
4911 0
4912 0
4913 0
4914 0
4915 0
4916 0
4917 0
4918 0
4919 0
4920 0
4921 0
4922 0
4923 0
4924 0
4925 0
4926 0
4927 0
4928 0
4929 0
4930 0
4931 0
4932 0
4933 0
4934 0
4935 0
4936 0
4937 0
4938 0
4939 0
4940 0
4941 0
4942 0
4943 0
4944 0
4945 0
4946 0
4947 0
4948 0
4949 0
4950 0
4951 0
4952 0
4953 0
4954 0
4955 0
4956 0
4957 0
4958 0
4959 0
4960 0
4961 0
4962 0
4963 0
4964 0
4965 0
4966 0
4967 0
4968 0
4969 0
4970 0
4971 0
4972 0
4973 0
4974 0
4975 0
4976 0
4977 0
4978 0
4979 0
4980 0
4981 0
4982 0
4983 0
4984 0
4985 0
4986 0
4987 0
4988 0
4989 0
4990 0
4991 0
4992 0
4993 0
4994 0
4995 0
4996 0
4997 0
4998 0
4999 0
5000 0
5001 0
5002 0
5003 0
5004 0
5005 0
5006 0
5007 0
5008 0
5009 0
5010 0
5011 0
5012 0
5013 0
5014 0
5015 0
5016 0
5017 0
5018 0
5019 0
5020 0
5021 0
5022 0
5023 0
5024 0
5025 0
5026 0
5027 0
5028 0
5029 0
5030 0
5031 0
5032 0
5033 0
5034 0
5035 0
5036 0
5037 0
5038 0
5039 0
5040 0
5041 0
5042 0
5043 0
5044 0
5045 0
5046 0
5047 0
5048 0
5049 0
5050 0
5051 0
5052 0
5053 0
5054 0
5055 0
5056 0
5057 0
5058 0
5059 0
5060 0
5061 0
5062 0
5063 0
5064 0
5065 0
5066 0
5067 0
5068 0
5069 0
5070 0
5071 0
5072 0
5073 0
5074 0
5075 0
5076 0
5077 0
5078 0
5079 0
5080 0
5081 0
5082 0
5083 0
5084 0
5085 0
5086 0
5087 0
5088 0
5089 0
5090 0
5091 0
5092 0
5093 0
5094 0
5095 0
5096 0
5097 0
5098 0
5099 0
5100 0
5101 0
5102 0
5103 0
5104 0
5105 0
5106 0
5107 0
5108 0
5109 0
5110 0
5111 0
5112 0
5113 0
5114 0
5115 0
5116 0
5117 0
5118 0
5119 0
