0 7372800
1 14743800
2 73857450
3 120921802
4 120633934
5 120350496
6 120093934
7 119830918
8 119534680
9 119231662
10 119001668
11 118738784
12 118447866
13 118196910
14 117939758
15 117672104
16 117383986
17 117116940
18 116849396
19 116589842
20 116302012
21 116024598
22 115732446
23 115477292
24 115215136
25 114917892
26 114684050
27 114418924
28 114107102
29 113886740
30 113640918
31 113374510
32 113094500
33 112809840
34 112538338
35 112276380
36 112003802
37 111741340
38 111486452
39 111196832
40 110941152
41 110633810
42 110373102
43 110091226
44 109838402
45 109541742
46 109282802
47 109006294
48 108782694
49 108476338
50 108207716
51 107956762
52 107684870
53 107418404
54 107157018
55 106887642
56 106649186
57 106384722
58 106087822
59 105812996
60 105543234
61 105305696
62 105051242
63 104764190
64 104483684
65 104247438
66 103962154
67 103682426
68 103426750
69 103169888
70 102873384
71 102623460
72 102342638
73 102058400
74 101797122
75 101541300
76 101247734
77 100975232
78 100709882
79 100460254
80 100181926
81 99924542
82 99651840
83 99394650
84 99176664
85 98926966
86 98699102
87 98467140
88 98255740
89 98026462
90 97823804
91 97580560
92 97320914
93 97108658
94 96875000
95 96635380
96 96422020
97 96167478
98 95958526
99 95737810
100 95504390
101 95279720
102 95035876
103 94842132
104 94601296
105 94367716
106 94135360
107 93921436
108 93706928
109 93485446
110 93218066
111 93011514
112 92772478
113 92559112
114 92317910
115 92093362
116 91856914
117 91667878
118 91456264
119 91242810
120 91030060
121 90809282
122 90563296
123 90376598
124 90155004
125 89949384
126 89726338
127 89508854
128 89265826
129 89030636
130 88850036
131 88623350
132 88378358
133 88184556
134 87976934
135 87780790
136 87576368
137 87356334
138 87170004
139 86967228
140 86779162
141 86561790
142 86385690
143 86172436
144 85959628
145 85763674
146 85558852
147 85368062
148 85166062
149 84963752
150 84757028
151 84577146
152 84378766
153 84200910
154 84002842
155 83804598
156 83614420
157 83445132
158 83272486
159 83075802
160 82909076
161 82729826
162 82533034
163 82354042
164 82191486
165 82025540
166 81817336
167 81667556
168 81488580
169 81311688
170 81142206
171 80993988
172 80816998
173 80641040
174 80457980
175 80298616
176 80138294
177 79988726
178 79807910
179 79654562
180 79494126
181 79324666
182 79157254
183 78985324
184 78831488
185 78659468
186 78513246
187 78346494
188 78199960
189 77999804
190 77848054
191 77694212
192 77534614
193 77381142
194 77241584
195 77061240
196 76880698
197 76739500
198 76583698
199 76440242
200 76254456
201 76112712
202 75948636
203 75802670
204 75636282
205 75472878
206 75329812
207 75166508
208 75018124
209 74868862
210 74702322
211 74554390
212 74383912
213 74253592
214 74107702
215 73949734
216 73781498
217 73641516
218 73493592
219 73331888
220 73197744
221 73046234
222 72891668
223 72729206
224 72586140
225 72425932
226 72265306
227 72134986
228 71998740
229 71846688
230 71668154
231 71513288
232 71380816
233 71222286
234 71063104
235 70930258
236 70783678
237 70637490
238 70479104
239 70351326
240 70194096
241 70064834
242 69912532
243 69782988
244 69628330
245 69469138
246 69344552
247 69213830
248 69077934
249 68910064
250 68754528
251 68629228
252 68501860
253 68350334
254 68183918
255 68056958
256 67916842
257 67778430
258 67636700
259 67505168
260 67350180
261 67218394
262 67085906
263 66951836
264 66816594
265 66659780
266 66528790
267 66380156
268 66263460
269 66145288
270 65994960
271 65865608
272 65744410
273 65592764
274 65471674
275 65339676
276 65204704
277 65071012
278 64936380
279 64804754
280 64667936
281 64525342
282 64408454
283 64265558
284 64119500
285 63994588
286 63884614
287 63741772
288 63608840
289 63481608
290 63365748
291 63256510
292 63092612
293 62968360
294 62841572
295 62714454
296 62596314
297 62476414
298 62362766
299 62219372
300 62088134
301 61973530
302 61860246
303 61727264
304 61590374
305 61476010
306 61351962
307 61231130
308 61101588
309 60974612
310 60845456
311 60731434
312 60604538
313 60466990
314 60355692
315 60240236
316 60116516
317 60006690
318 59897294
319 59765620
320 59648090
321 59552208
322 59436142
323 59332066
324 59195014
325 59092982
326 58987460
327 58873578
328 58750376
329 58629210
330 58523814
331 58411020
332 58306896
333 58196216
334 58079894
335 57964306
336 57872960
337 57766464
338 57647960
339 57533334
340 57426178
341 57317604
342 57182758
343 57081228
344 56985530
345 56858818
346 56752984
347 56669748
348 56571614
349 56434204
350 56338634
351 56240226
352 56126148
353 56009566
354 55893590
355 55793914
356 55691914
357 55592344
358 55473966
359 55382168
360 55275268
361 55162468
362 55043370
363 54940120
364 54843502
365 54725408
366 54630664
367 54538644
368 54427720
369 54319234
370 54213738
371 54093402
372 54006406
373 53902996
374 53784552
375 53675926
376 53586406
377 53498422
378 53389888
379 53279252
380 53169716
381 53071360
382 52972930
383 52865694
384 52778464
385 52673184
386 52579820
387 52492850
388 52372662
389 52271332
390 52181866
391 52086438
392 51976202
393 51874108
394 51778540
395 51684134
396 51576726
397 51478982
398 51393822
399 51281970
400 51193270
401 51090128
402 50999652
403 50910678
404 50821254
405 50712112
406 50608908
407 50512006
408 50429090
409 50343074
410 50240738
411 50147458
412 50045176
413 49961390
414 49871844
415 49779100
416 49686334
417 49583270
418 49496200
419 49402296
420 49309928
421 49208368
422 49120658
423 49047818
424 48945194
425 48860254
426 48754716
427 48674952
428 48570844
429 48492632
430 48411576
431 48302042
432 48217368
433 48131276
434 48042640
435 47944844
436 47870874
437 47779450
438 47680254
439 47613588
440 47516764
441 47418828
442 47347674
443 47268018
444 47170630
445 47073708
446 47020638
447 46909258
448 46832370
449 46733250
450 46667632
451 46575216
452 46480498
453 46408340
454 46336094
455 46244068
456 46178782
457 46077644
458 45995454
459 45914574
460 45834830
461 45759086
462 45658660
463 45592984
464 45502616
465 45418702
466 45338048
467 45271200
468 45181900
469 45097596
470 45013090
471 44932720
472 44845350
473 44787998
474 44678062
475 44614392
476 44524824
477 44449446
478 44373432
479 44294808
480 44220608
481 44151048
482 44056954
483 43987536
484 43909650
485 43820124
486 43742038
487 43662420
488 43583624
489 43516128
490 43428186
491 43361992
492 43281318
493 43204322
494 43133778
495 43054264
496 42964022
497 42895536
498 42830500
499 42738358
500 42675910
501 42600430
502 42494214
503 42433080
504 42358122
505 42278102
506 42195918
507 42121006
508 42047946
509 41974438
510 41902678
511 41823872
512 41760634
513 41681652
514 41610624
515 41537300
516 41459674
517 41382408
518 41292266
519 41239088
520 41156502
521 41082132
522 41013766
523 40930620
524 40862708
525 40803914
526 40731652
527 40652824
528 40572238
529 40512230
530 40430206
531 40364004
532 40292518
533 40216092
534 40134910
535 40052228
536 39998348
537 39924104
538 39861528
539 39781578
540 39709570
541 39639768
542 39566200
543 39503058
544 39433192
545 39353808
546 39292976
547 39207392
548 39150850
549 39083318
550 39006838
551 38936846
552 38855906
553 38801740
554 38705270
555 38651284
556 38577530
557 38502796
558 38444634
559 38381516
560 38307322
561 38234348
562 38171610
563 38099558
564 38025324
565 37963816
566 37887582
567 37812620
568 37756910
569 37682154
570 37613306
571 37553114
572 37482398
573 37395212
574 37340336
575 37262002
576 37210824
577 37133560
578 37067320
579 36995306
580 36921222
581 36860990
582 36784008
583 36729078
584 36641810
585 36581896
586 36511004
587 36446086
588 36380438
589 36306882
590 36244388
591 36187140
592 36121536
593 36043300
594 35982202
595 35901604
596 35844066
597 35784766
598 35712954
599 35646578
600 35581940
601 35517494
602 35458828
603 35376446
604 35323828
605 35251134
606 35194264
607 35104756
608 35061824
609 34976004
610 34925820
611 34871480
612 34795046
613 34723464
614 34657944
615 34592926
616 34548444
617 34480130
618 34408918
619 34370542
620 34291342
621 34223508
622 34173106
623 34095266
624 34033264
625 33963392
626 33905312
627 33854136
628 33793486
629 33722154
630 33666568
631 33599600
632 33533840
633 33478150
634 33405246
635 33356308
636 33300234
637 33227606
638 33180790
639 33100150
640 33053622
641 32995700
642 32939808
643 32882536
644 32820804
645 32758074
646 32708456
647 32652914
648 32597936
649 32537406
650 32483266
651 32426448
652 32360000
653 32307098
654 32241110
655 32186394
656 32150020
657 32075062
658 32018986
659 31961320
660 31914366
661 31850466
662 31796262
663 31738968
664 31672464
665 31623146
666 31557136
667 31522370
668 31455028
669 31386526
670 31335204
671 31288388
672 31235218
673 31174866
674 31108388
675 31053614
676 31001190
677 30942336
678 30900056
679 30837160
680 30780420
681 30714608
682 30670234
683 30619704
684 30560424
685 30501344
686 30441252
687 30387382
688 30336416
689 30284826
690 30227892
691 30169924
692 30112142
693 30067974
694 30012446
695 29958200
696 29906462
697 29849462
698 29804008
699 29741334
700 29698296
701 29638870
702 29585074
703 29535572
704 29485970
705 29422580
706 29388320
707 29331914
708 29282490
709 29221000
710 29168752
711 29118078
712 29062606
713 29021820
714 28959254
715 28929952
716 28872310
717 28812154
718 28777860
719 28715292
720 28673584
721 28613026
722 28577882
723 28520394
724 28477000
725 28407940
726 28366968
727 28308560
728 28270674
729 28224916
730 28161438
731 28129222
732 28075896
733 28025734
734 27973766
735 27936038
736 27868976
737 27832724
738 27772754
739 27724136
740 27682140
741 27632884
742 27590622
743 27535958
744 27486390
745 27439354
746 27397720
747 27340628
748 27292140
749 27246208
750 27206418
751 27152664
752 27098786
753 27059738
754 27018634
755 26960266
756 26907482
757 26875650
758 26849466
759 26789020
760 26741256
761 26697098
762 26643026
763 26611810
764 26555542
765 26507328
766 26464870
767 26423868
768 26377224
769 26327606
770 26293428
771 26239072
772 26200554
773 26152864
774 26124504
775 26062654
776 26010880
777 25976012
778 25930118
779 25896838
780 25849206
781 25809796
782 25765542
783 25717874
784 25668312
785 25633684
786 25584106
787 25540666
788 25497668
789 25464654
790 25420394
791 25374784
792 25331924
793 25287504
794 25236956
795 25196640
796 25157666
797 25108330
798 25070196
799 25033286
800 24983468
801 24938756
802 24899422
803 24865814
804 24817520
805 24771480
806 24731882
807 24694336
808 24654660
809 24605684
810 24569184
811 24522448
812 24475220
813 24440460
814 24397350
815 24361592
816 24308052
817 24270548
818 24232844
819 24200680
820 24145838
821 24115756
822 24082546
823 24033308
824 23987640
825 23952040
826 23918854
827 23880332
828 23842678
829 23780954
830 23751926
831 23703936
832 23666584
833 23617398
834 23583392
835 23546336
836 23498012
837 23463564
838 23419986
839 23379570
840 23336584
841 23309226
842 23262106
843 23223202
844 23167166
845 23134930
846 23105198
847 23062756
848 23027706
849 22992664
850 22947028
851 22908706
852 22866980
853 22837018
854 22789764
855 22744022
856 22708494
857 22670504
858 22636710
859 22596532
860 22553974
861 22512996
862 22468776
863 22438648
864 22398294
865 22364196
866 22325186
867 22287354
868 22240076
869 22207130
870 22169466
871 22125096
872 22092874
873 22059840
874 22018532
875 21968234
876 21934662
877 21899954
878 21855336
879 21829252
880 21797370
881 21752774
882 21709636
883 21673478
884 21627952
885 21587448
886 21555934
887 21511068
888 21477958
889 21440754
890 21407924
891 21368362
892 21334044
893 21297576
894 21251942
895 21223550
896 21185812
897 21151444
898 21112260
899 21075064
900 21036262
901 20995952
902 20965668
903 20927230
904 20890154
905 20856262
906 20816154
907 20778542
908 20745500
909 20706960
910 20667672
911 20633476
912 20602434
913 20559888
914 20525028
915 20491532
916 20446928
917 20408926
918 20382954
919 20352742
920 20317382
921 20274630
922 20231970
923 20196106
924 20164000
925 20132546
926 20099544
927 20061406
928 20021636
929 19992090
930 19956268
931 19918254
932 19883352
933 19843654
934 19823230
935 19776558
936 19741220
937 19709068
938 19673012
939 19650492
940 19604920
941 19579388
942 19542716
943 19505854
944 19470870
945 19431704
946 19398764
947 19373256
948 19331556
949 19298650
950 19265360
951 19220332
952 19196434
953 19155996
954 19123628
955 19090434
956 19056478
957 19023472
958 18991998
959 18949356
960 18918362
961 18881984
962 18842994
963 18816388
964 18796970
965 18752880
966 18726010
967 18691822
968 18653200
969 18629370
970 18588324
971 18558168
972 18528312
973 18489416
974 18464932
975 18427750
976 18395588
977 18363706
978 18331552
979 18301510
980 18275018
981 18236670
982 18204008
983 18168994
984 18138920
985 18102910
986 18081916
987 18041912
988 18018014
989 17981254
990 17947300
991 17917086
992 17884974
993 17858432
994 17830844
995 17793036
996 17766350
997 17735796
998 17692038
999 17669704
1000 17644572
1001 17606564
1002 17586668
1003 17547862
1004 17516004
1005 17493576
1006 17451672
1007 17428876
1008 17391950
1009 17365772
1010 17331756
1011 17298324
1012 17272436
1013 17236254
1014 17210346
1015 17177380
1016 17139604
1017 17115160
1018 17087548
1019 17053958
1020 17015084
1021 16989586
1022 16966838
1023 16929570
1024 16897228
1025 16876032
1026 16837896
1027 16804502
1028 16785734
1029 16755422
1030 16714444
1031 16691534
1032 16663010
1033 16627062
1034 16598094
1035 16561968
1036 16531316
1037 16517248
1038 16483602
1039 16461348
1040 16426014
1041 16393570
1042 16358634
1043 16329340
1044 16306656
1045 16281450
1046 16235420
1047 16226382
1048 16193212
1049 16165384
1050 16132358
1051 16107148
1052 16072646
1053 16046658
1054 16024066
1055 15986150
1056 15958996
1057 15923024
1058 15904100
1059 15878482
1060 15853080
1061 15815252
1062 15799320
1063 15768262
1064 15732356
1065 15712364
1066 15674212
1067 15649062
1068 15626044
1069 15594158
1070 15573364
1071 15544064
1072 15518024
1073 15484992
1074 15456160
1075 15432982
1076 15405212
1077 15369854
1078 15351688
1079 15319812
1080 15299318
1081 15269670
1082 15240342
1083 15211870
1084 15184010
1085 15161162
1086 15139944
1087 15110026
1088 15075460
1089 15046990
1090 15024860
1091 14990880
1092 14973792
1093 14947756
1094 14920684
1095 14893188
1096 14864390
1097 14842026
1098 14816124
1099 14796316
1100 14768144
1101 14730788
1102 14712356
1103 14680576
1104 14657414
1105 14627726
1106 14599430
1107 14573378
1108 14556188
1109 14524814
1110 14500912
1111 14472932
1112 14448602
1113 14422898
1114 14403568
1115 14372870
1116 14352512
1117 14316964
1118 14299054
1119 14268310
1120 14251178
1121 14224580
1122 14201394
1123 14168810
1124 14149098
1125 14128370
1126 14105930
1127 14080580
1128 14053464
1129 14023690
1130 14007734
1131 13980716
1132 13953536
1133 13933666
1134 13910208
1135 13884724
1136 13859764
1137 13833600
1138 13816864
1139 13785190
1140 13754154
1141 13736602
1142 13723736
1143 13696350
1144 13674186
1145 13645504
1146 13621946
1147 13591128
1148 13573394
1149 13546944
1150 13529666
1151 13505706
1152 13475692
1153 13459668
1154 13434324
1155 13411368
1156 13380466
1157 13359898
1158 13337536
1159 13316656
1160 13288014
1161 13266930
1162 13244808
1163 13212002
1164 13192444
1165 13177496
1166 13154642
1167 13124632
1168 13103640
1169 13085816
1170 13058974
1171 13045416
1172 13013496
1173 12994808
1174 12971366
1175 12951560
1176 12926014
1177 12899484
1178 12878584
1179 12853376
1180 12837916
1181 12813696
1182 12789486
1183 12761540
1184 12747602
1185 12728382
1186 12704812
1187 12677146
1188 12660428
1189 12638842
1190 12615952
1191 12594010
1192 12571840
1193 12554872
1194 12528786
1195 12503736
1196 12488132
1197 12468944
1198 12440958
1199 12417748
1200 12396388
1201 12378758
1202 12357380
1203 12336338
1204 12319934
1205 12293760
1206 12271096
1207 12254302
1208 12234502
1209 12214470
1210 12189446
1211 12170856
1212 12154208
1213 12126982
1214 12109962
1215 12086562
1216 12066002
1217 12035252
1218 12024750
1219 12004398
1220 11986706
1221 11963384
1222 11941776
1223 11927508
1224 11909726
1225 11876384
1226 11865272
1227 11839406
1228 11819060
1229 11800448
1230 11778072
1231 11757566
1232 11731324
1233 11719362
1234 11701980
1235 11681066
1236 11658932
1237 11641402
1238 11612914
1239 11606294
1240 11579750
1241 11557148
1242 11537212
1243 11524230
1244 11502066
1245 11480336
1246 11454406
1247 11448500
1248 11423028
1249 11403874
1250 11383488
1251 11359874
1252 11344558
1253 11328250
1254 11312686
1255 11288682
1256 11267354
1257 11252278
1258 11227516
1259 11203480
1260 11189688
1261 11162572
1262 11152192
1263 11132514
1264 11116500
1265 11088860
1266 11076284
1267 11050952
1268 11033718
1269 11018222
1270 10993128
1271 10981982
1272 10958914
1273 10939138
1274 10922986
1275 10901274
1276 10885222
1277 10863682
1278 10847514
1279 10826714
1280 10809650
1281 10785372
1282 10778044
1283 10750134
1284 10737558
1285 10717212
1286 10701520
1287 10686280
1288 10663196
1289 10644324
1290 10625944
1291 10601258
1292 10588078
1293 10574662
1294 10555636
1295 10533952
1296 10519060
1297 10497892
1298 10478086
1299 10457664
1300 10440066
1301 10431374
1302 10410116
1303 10384962
1304 10367040
1305 10352648
1306 10335466
1307 10318868
1308 10295370
1309 10279890
1310 10263398
1311 10246482
1312 10226002
1313 10210816
1314 10193680
1315 10176768
1316 10160828
1317 10144450
1318 10118462
1319 10102436
1320 10083340
1321 10066818
1322 10052252
1323 10037708
1324 10010790
1325 9999934
1326 9985654
1327 9965674
1328 9944300
1329 9930588
1330 9915086
1331 9894040
1332 9868034
1333 9853046
1334 9847782
1335 9831516
1336 9808442
1337 9794188
1338 9780164
1339 9763690
1340 9735680
1341 9721736
1342 9709152
1343 9688662
1344 9673674
1345 9659682
1346 9641870
1347 9622144
1348 9600776
1349 9596016
1350 9569014
1351 9552656
1352 9538314
1353 9515258
1354 9504408
1355 9490574
1356 9472424
1357 9454614
1358 9439056
1359 9423524
1360 9406108
1361 9390384
1362 9375950
1363 9357046
1364 9338032
1365 9326340
1366 9307420
1367 9292758
1368 9276398
1369 9254964
1370 9239694
1371 9223804
1372 9214364
1373 9194608
1374 9180112
1375 9162228
1376 9144408
1377 9127172
1378 9114626
1379 9098076
1380 9076768
1381 9060474
1382 9047880
1383 9031282
1384 9016182
1385 8998594
1386 8981488
1387 8969712
1388 8952714
1389 8935156
1390 8922002
1391 8899150
1392 8892110
1393 8873346
1394 8860796
1395 8845382
1396 8832042
1397 8810954
1398 8796548
1399 8787422
1400 8763506
1401 8751222
1402 8730222
1403 8719618
1404 8704856
1405 8683804
1406 8670972
1407 8658084
1408 8643750
1409 8629214
1410 8612176
1411 8593380
1412 8583048
1413 8559800
1414 8548160
1415 8534954
1416 8524580
1417 8499774
1418 8489682
1419 8481272
1420 8456190
1421 8446894
1422 8430034
1423 8421804
1424 8403168
1425 8384864
1426 8367288
1427 8353232
1428 8340586
1429 8325158
1430 8314330
1431 8294904
1432 8283864
1433 8264026
1434 8252654
1435 8239804
1436 8225292
1437 8216828
1438 8194088
1439 8180904
1440 8170078
1441 8152734
1442 8135982
1443 8119132
1444 8110352
1445 8093304
1446 8079934
1447 8062872
1448 8050976
1449 8036756
1450 8017166
1451 8005480
1452 7986596
1453 7977808
1454 7961968
1455 7946986
1456 7936988
1457 7913420
1458 7904364
1459 7893348
1460 7878712
1461 7863916
1462 7852426
1463 7833034
1464 7819972
1465 7805688
1466 7791240
1467 7775620
1468 7761816
1469 7755496
1470 7745208
1471 7725472
1472 7712202
1473 7694404
1474 7691760
1475 7672108
1476 7657814
1477 7646344
1478 7629586
1479 7612704
1480 7598982
1481 7589274
1482 7576224
1483 7558534
1484 7548844
1485 7528766
1486 7515860
1487 7502060
1488 7492618
1489 7477360
1490 7461648
1491 7449364
1492 7434550
1493 7423192
1494 7410782
1495 7394144
1496 7385220
1497 7369168
1498 7354312
1499 7338574
1500 7328326
1501 7318436
1502 7301054
1503 7289020
1504 7281594
1505 7261226
1506 7254766
1507 7237778
1508 7222536
1509 7213850
1510 7197406
1511 7186278
1512 7166820
1513 7162500
1514 7148796
1515 7137192
1516 7121126
1517 7108780
1518 7099454
1519 7084294
1520 7074158
1521 7059158
1522 7045272
1523 7035514
1524 7024134
1525 7008014
1526 6996638
1527 6980770
1528 6969832
1529 6956638
1530 6942184
1531 6932132
1532 6917704
1533 6908964
1534 6894986
1535 6879330
1536 6865326
1537 6857708
1538 6847982
1539 6832594
1540 6822414
1541 6809884
1542 6793946
1543 6787094
1544 6774042
1545 6759644
1546 6751150
1547 6738266
1548 6721004
1549 6710464
1550 6705004
1551 6683980
1552 6677804
1553 6663440
1554 6651866
1555 6633718
1556 6624210
1557 6617992
1558 6600714
1559 6594062
1560 6576914
1561 6565826
1562 6552552
1563 6540964
1564 6532518
1565 6518694
1566 6506496
1567 6502370
1568 6482932
1569 6470240
1570 6461648
1571 6452406
1572 6438664
1573 6426422
1574 6418568
1575 6406750
1576 6394482
1577 6383024
1578 6372726
1579 6361048
1580 6349154
1581 6336550
1582 6324144
1583 6312530
1584 6301784
1585 6291850
1586 6278678
1587 6268516
1588 6254394
1589 6243872
1590 6234900
1591 6220966
1592 6213266
1593 6200264
1594 6185632
1595 6175852
1596 6166426
1597 6157102
1598 6142654
1599 6137828
1600 6114092
1601 6111036
1602 6101106
1603 6088932
1604 6079050
1605 6068330
1606 6057052
1607 6044642
1608 6037434
1609 6025178
1610 6012170
1611 5998692
1612 5994510
1613 5986680
1614 5971380
1615 5962732
1616 5949762
1617 5939150
1618 5923590
1619 5919838
1620 5908248
1621 5899294
1622 5888858
1623 5875840
1624 5864150
1625 5850586
1626 5843496
1627 5835202
1628 5823494
1629 5812686
1630 5801478
1631 5787846
1632 5781082
1633 5773498
1634 5758648
1635 5746522
1636 5742632
1637 5726884
1638 5717262
1639 5709684
1640 5701690
1641 5685754
1642 5675094
1643 5660848
1644 5654928
1645 5646104
1646 5631764
1647 5623734
1648 5609828
1649 5604038
1650 5594180
1651 5582110
1652 5569604
1653 5558370
1654 5550596
1655 5539660
1656 5529252
1657 5522380
1658 5510886
1659 5503060
1660 5495122
1661 5481774
1662 5475396
1663 5465698
1664 5454776
1665 5441970
1666 5431928
1667 5423750
1668 5414590
1669 5401782
1670 5395768
1671 5384946
1672 5379918
1673 5367742
1674 5359482
1675 5348896
1676 5335838
1677 5331032
1678 5314734
1679 5309288
1680 5298086
1681 5289084
1682 5278520
1683 5271356
1684 5261174
1685 5251110
1686 5241768
1687 5233032
1688 5224558
1689 5218428
1690 5206998
1691 5193238
1692 5189448
1693 5177454
1694 5169818
1695 5160354
1696 5156350
1697 5142372
1698 5129424
1699 5121920
1700 5115748
1701 5105196
1702 5095490
1703 5088056
1704 5079138
1705 5072802
1706 5060072
1707 5052572
1708 5040050
1709 5034884
1710 5020996
1711 5017676
1712 5005584
1713 4997550
1714 4988806
1715 4977808
1716 4971854
1717 4960996
1718 4954518
1719 4944970
1720 4938634
1721 4927282
1722 4918932
1723 4908864
1724 4902158
1725 4892550
1726 4884226
1727 4878680
1728 4869290
1729 4855134
1730 4850718
1731 4840216
1732 4829470
1733 4822120
1734 4816130
1735 4808956
1736 4795944
1737 4792262
1738 4780476
1739 4772512
1740 4766868
1741 4756124
1742 4746244
1743 4737948
1744 4726982
1745 4720390
1746 4708400
1747 4701682
1748 4693974
1749 4686470
1750 4678696
1751 4669226
1752 4664028
1753 4653678
1754 4642026
1755 4633944
1756 4624810
1757 4618924
1758 4610966
1759 4598632
1760 4594184
1761 4584778
1762 4577712
1763 4570458
1764 4563806
1765 4556166
1766 4543104
1767 4537174
1768 4530958
1769 4518752
1770 4513066
1771 4506934
1772 4497930
1773 4489514
1774 4481908
1775 4476190
1776 4465616
1777 4456802
1778 4450476
1779 4436502
1780 4431380
1781 4420760
1782 4421638
1783 4413960
1784 4402618
1785 4393126
1786 4388426
1787 4378900
1788 4370958
1789 4364534
1790 4356366
1791 4351806
1792 4342952
1793 4333880
1794 4322436
1795 4318696
1796 4312598
1797 4303016
1798 4297292
1799 4289930
1800 4282438
1801 4272252
1802 4264902
1803 4258038
1804 4250530
1805 4240412
1806 4236292
1807 4229422
1808 4222442
1809 4213226
1810 4210008
1811 4199822
1812 4190546
1813 4188136
1814 4177032
1815 4168292
1816 4163576
1817 4155824
1818 4150810
1819 4140176
1820 4138716
1821 4126874
1822 4119546
1823 4113242
1824 4103228
1825 4098794
1826 4091270
1827 4085812
1828 4076170
1829 4071534
1830 4063350
1831 4057830
1832 4049458
1833 4047084
1834 4036410
1835 4028492
1836 4023566
1837 4018080
1838 4010590
1839 4000236
1840 3993622
1841 3982942
1842 3976164
1843 3969794
1844 3968072
1845 3963226
1846 3952326
1847 3944054
1848 3939860
1849 3932508
1850 3926884
1851 3918520
1852 3910992
1853 3905496
1854 3901760
1855 3892410
1856 3888688
1857 3882186
1858 3873112
1859 3866660
1860 3860950
1861 3852818
1862 3847134
1863 3843952
1864 3834002
1865 3829238
1866 3823188
1867 3817872
1868 3810918
1869 3803642
1870 3794466
1871 3790992
1872 3783232
1873 3777326
1874 3770286
1875 3768372
1876 3756854
1877 3750170
1878 3747022
1879 3743122
1880 3734254
1881 3727474
1882 3720580
1883 3716236
1884 3709668
1885 3701778
1886 3696470
1887 3688856
1888 3681984
1889 3677246
1890 3669720
1891 3666600
1892 3657922
1893 3653182
1894 3645478
1895 3643502
1896 3634352
1897 3630280
1898 3627708
1899 3614726
1900 3611190
1901 3607640
1902 3598626
1903 3591698
1904 3589504
1905 3583800
1906 3573784
1907 3568208
1908 3564050
1909 3559464
1910 3553442
1911 3543860
1912 3540552
1913 3535814
1914 3529468
1915 3525032
1916 3516736
1917 3511024
1918 3505742
1919 3497970
1920 3492174
1921 3484452
1922 3481416
1923 3477080
1924 3468134
1925 3462018
1926 3459672
1927 3452844
1928 3443932
1929 3439478
1930 3436254
1931 3430024
1932 3420362
1933 3420960
1934 3412084
1935 3403004
1936 3400844
1937 3394624
1938 3387890
1939 3382728
1940 3376128
1941 3369094
1942 3364156
1943 3358942
1944 3354782
1945 3347012
1946 3341608
1947 3336106
1948 3330748
1949 3322456
1950 3316772
1951 3316044
1952 3309138
1953 3302522
1954 3299952
1955 3293496
1956 3287588
1957 3281910
1958 3277386
1959 3268364
1960 3263632
1961 3260440
1962 3252870
1963 3248424
1964 3241980
1965 3234888
1966 3227468
1967 3224846
1968 3220350
1969 3213740
1970 3207420
1971 3205680
1972 3197564
1973 3192332
1974 3186578
1975 3181322
1976 3173576
1977 3170804
1978 3165982
1979 3158654
1980 3153264
1981 3144210
1982 3142240
1983 3136270
1984 3131434
1985 3123678
1986 3120362
1987 3115668
1988 3109560
1989 3104890
1990 3102070
1991 3095692
1992 3089186
1993 3083580
1994 3078768
1995 3074378
1996 3065126
1997 3062336
1998 3056076
1999 3050520
2000 3047630
2001 3039266
2002 3035830
2003 3030176
2004 3024816
2005 3020320
2006 3013056
2007 3012424
2008 3004006
2009 2997436
2010 2993788
2011 2988576
2012 2984120
2013 2977956
2014 2971928
2015 2966306
2016 2964288
2017 2957674
2018 2953164
2019 2945028
2020 2940526
2021 2934542
2022 2932086
2023 2924960
2024 2918552
2025 2916080
2026 2909366
2027 2902914
2028 2900368
2029 2895676
2030 2886466
2031 2884512
2032 2877092
2033 2875526
2034 2867754
2035 2862568
2036 2860442
2037 2853740
2038 2847740
2039 2845986
2040 2839282
2041 2833720
2042 2827918
2043 2824828
2044 2821864
2045 2814096
2046 2809542
2047 2802026
2048 2795340
2049 2793632
2050 2789534
2051 2785838
2052 2779452
2053 2776080
2054 2770532
2055 2764510
2056 2760608
2057 2755662
2058 2750568
2059 2747302
2060 2741860
2061 2736468
2062 2731334
2063 2728754
2064 2722368
2065 2718408
2066 2714306
2067 2707326
2068 2703494
2069 2697000
2070 2694016
2071 2689500
2072 2682672
2073 2680650
2074 2674888
2075 2667470
2076 2664676
2077 2659686
2078 2655214
2079 2650452
2080 2646816
2081 2640946
2082 2635898
2083 2633152
2084 2627472
2085 2622016
2086 2619788
2087 2610922
2088 2608878
2089 2605120
2090 2599826
2091 2596194
2092 2592412
2093 2585952
2094 2581364
2095 2579776
2096 2571496
2097 2567150
2098 2562142
2099 2560082
2100 2553982
2101 2549538
2102 2548044
2103 2542410
2104 2539238
2105 2534310
2106 2529704
2107 2522702
2108 2519524
2109 2514202
2110 2510842
2111 2507808
2112 2500608
2113 2499662
2114 2493862
2115 2487116
2116 2486008
2117 2479198
2118 2476498
2119 2472722
2120 2467826
2121 2461570
2122 2458230
2123 2452536
2124 2448300
2125 2441752
2126 2438750
2127 2433152
2128 2431710
2129 2427598
2130 2421080
2131 2418776
2132 2412874
2133 2408538
2134 2404102
2135 2402010
2136 2392988
2137 2393800
2138 2388454
2139 2383180
2140 2379706
2141 2377432
2142 2371354
2143 2366844
2144 2363676
2145 2358360
2146 2353674
2147 2349834
2148 2346850
2149 2342214
2150 2338904
2151 2332804
2152 2329066
2153 2325484
2154 2320446
2155 2317310
2156 2310540
2157 2305998
2158 2303552
2159 2300224
2160 2295236
2161 2289894
2162 2286004
2163 2284702
2164 2277160
2165 2274730
2166 2270002
2167 2263636
2168 2260752
2169 2255716
2170 2252144
2171 2248696
2172 2245636
2173 2240436
2174 2235276
2175 2233022
2176 2229790
2177 2224276
2178 2219220
2179 2217586
2180 2213030
2181 2206862
2182 2206142
2183 2201860
2184 2194690
2185 2192812
2186 2187478
2187 2186194
2188 2183896
2189 2176242
2190 2174242
2191 2169378
2192 2167064
2193 2163530
2194 2158250
2195 2154904
2196 2151622
2197 2145534
2198 2140090
2199 2139176
2200 2135374
2201 2131116
2202 2128140
2203 2122074
2204 2120340
2205 2115400
2206 2112182
2207 2109092
2208 2102556
2209 2099184
2210 2098514
2211 2093280
2212 2089134
2213 2083272
2214 2083590
2215 2081508
2216 2076586
2217 2070440
2218 2066634
2219 2064782
2220 2057198
2221 2055796
2222 2052260
2223 2048022
2224 2044188
2225 2040076
2226 2037488
2227 2034960
2228 2029736
2229 2027392
2230 2023710
2231 2017644
2232 2013324
2233 2013082
2234 2005954
2235 2001148
2236 2000876
2237 1994280
2238 1992434
2239 1990562
2240 1984660
2241 1980338
2242 1980054
2243 1975132
2244 1972728
2245 1965954
2246 1961316
2247 1961186
2248 1957006
2249 1954182
2250 1949050
2251 1949008
2252 1943066
2253 1938156
2254 1936046
2255 1931758
2256 1929540
2257 1926284
2258 1923082
2259 1917614
2260 1916334
2261 1912966
2262 1906322
2263 1904834
2264 1903864
2265 1899482
2266 1898028
2267 1891988
2268 1887570
2269 1885942
2270 1882306
2271 1877802
2272 1877626
2273 1872916
2274 1869418
2275 1866136
2276 1863460
2277 1860400
2278 1857272
2279 1852880
2280 1851604
2281 1847130
2282 1842566
2283 1841842
2284 1836400
2285 1833804
2286 1833438
2287 1829454
2288 1825312
2289 1821404
2290 1818284
2291 1820114
2292 1812994
2293 1809692
2294 1807152
2295 1805060
2296 1801888
2297 1794876
2298 1797502
2299 1792462
2300 1788378
2301 1783688
2302 1780012
2303 1777364
2304 1776708
2305 1773784
2306 1770858
2307 1766672
2308 1764480
2309 1760788
2310 1756870
2311 1754302
2312 1750928
2313 1746820
2314 1744446
2315 1741784
2316 1738618
2317 1736256
2318 1733956
2319 1729968
2320 1725998
2321 1723692
2322 1720768
2323 1717334
2324 1715772
2325 1713214
2326 1710108
2327 1708854
2328 1706000
2329 1701348
2330 1700366
2331 1696294
2332 1692430
2333 1691882
2334 1687364
2335 1684014
2336 1683520
2337 1678456
2338 1675128
2339 1675256
2340 1670286
2341 1667310
2342 1665730
2343 1663226
2344 1661210
2345 1655994
2346 1654542
2347 1653130
2348 1649760
2349 1646500
2350 1644678
2351 1641294
2352 1639096
2353 1635832
2354 1632864
2355 1630154
2356 1625590
2357 1624558
2358 1619492
2359 1619418
2360 1615406
2361 1613416
2362 1610268
2363 1607848
2364 1604484
2365 1601592
2366 1598478
2367 1595312
2368 1592600
2369 1590562
2370 1586914
2371 1584776
2372 1581628
2373 1579056
2374 1575072
2375 1573250
2376 1571650
2377 1570528
2378 1566002
2379 1562858
2380 1561720
2381 1557832
2382 1554538
2383 1552680
2384 1550862
2385 1546488
2386 1543538
2387 1541836
2388 1537912
2389 1535690
2390 1533674
2391 1530154
2392 1528248
2393 1525308
2394 1522862
2395 1521972
2396 1515410
2397 1513228
2398 1511344
2399 1509240
2400 1506662
2401 1503514
2402 1499072
2403 1499906
2404 1497202
2405 1493732
2406 1491006
2407 1487198
2408 1484686
2409 1482014
2410 1480162
2411 1477570
2412 1473782
2413 1473946
2414 1469936
2415 1465834
2416 1464726
2417 1464050
2418 1459760
2419 1457792
2420 1454798
2421 1452316
2422 1450382
2423 1448738
2424 1444104
2425 1442812
2426 1439796
2427 1436280
2428 1435332
2429 1432978
2430 1429030
2431 1426720
2432 1425708
2433 1423082
2434 1421850
2435 1416666
2436 1414914
2437 1413914
2438 1411672
2439 1407286
2440 1403518
2441 1402108
2442 1399988
2443 1396212
2444 1394602
2445 1392506
2446 1390416
2447 1388246
2448 1385962
2449 1383442
2450 1381404
2451 1376750
2452 1376778
2453 1372460
2454 1370418
2455 1367900
2456 1365618
2457 1362332
2458 1360256
2459 1357672
2460 1352202
2461 1349940
2462 1350248
2463 1346592
2464 1341926
2465 1340852
2466 1338942
2467 1335026
2468 1334112
2469 1332394
2470 1329788
2471 1326110
2472 1323014
2473 1321976
2474 1318910
2475 1315640
2476 1315510
2477 1310642
2478 1309142
2479 1307256
2480 1304028
2481 1301834
2482 1301242
2483 1298172
2484 1295218
2485 1291068
2486 1289938
2487 1289500
2488 1286738
2489 1285028
2490 1281970
2491 1278566
2492 1275964
2493 1274266
2494 1272116
2495 1269166
2496 1267188
2497 1264106
2498 1264420
2499 1258626
2500 1257174
2501 1256706
2502 1253620
2503 1250032
2504 1247978
2505 1246930
2506 1242380
2507 1243112
2508 1237666
2509 1238600
2510 1235140
2511 1231486
2512 1230866
2513 1226812
2514 1224084
2515 1222938
2516 1220168
2517 1217646
2518 1215152
2519 1214440
2520 1212568
2521 1210296
2522 1205082
2523 1204394
2524 1200876
2525 1198828
2526 1196792
2527 1195532
2528 1193278
2529 1189294
2530 1188262
2531 1184274
2532 1184640
2533 1181284
2534 1178010
2535 1176314
2536 1175104
2537 1171820
2538 1170472
2539 1168862
2540 1164976
2541 1162886
2542 1161592
2543 1159208
2544 1156998
2545 1155840
2546 1153446
2547 1152462
2548 1147478
2549 1146032
2550 1144698
2551 1142434
2552 1140724
2553 1139748
2554 1135682
2555 1135238
2556 1132758
2557 1130646
2558 1127204
2559 1126830
2560 1124414
2561 1120992
2562 1121318
2563 1119208
2564 1115998
2565 1114236
2566 1111506
2567 1109820
2568 1107580
2569 1104768
2570 1104078
2571 1101798
2572 1099172
2573 1097458
2574 1095918
2575 1093106
2576 1091468
2577 1088720
2578 1088930
2579 1086480
2580 1084796
2581 1082488
2582 1081066
2583 1079036
2584 1077626
2585 1076000
2586 1073464
2587 1072114
2588 1070974
2589 1068596
2590 1066008
2591 1062522
2592 1062798
2593 1062886
2594 1058482
2595 1057208
2596 1052958
2597 1052764
2598 1052510
2599 1048558
2600 1047158
2601 1044696
2602 1043580
2603 1042076
2604 1042392
2605 1037398
2606 1034670
2607 1034108
2608 1032112
2609 1030200
2610 1026116
2611 1024524
2612 1024228
2613 1023434
2614 1018762
2615 1017792
2616 1015832
2617 1014692
2618 1013352
2619 1011224
2620 1007860
2621 1006744
2622 1004656
2623 1003174
2624 1003342
2625 1000022
2626 999884
2627 996670
2628 995340
2629 994466
2630 991954
2631 990230
2632 989064
2633 987616
2634 984322
2635 983740
2636 980784
2637 981280
2638 978426
2639 976014
2640 974118
2641 974008
2642 971664
2643 969666
2644 967778
2645 966068
2646 964470
2647 961354
2648 962294
2649 959822
2650 958440
2651 957948
2652 955370
2653 952778
2654 952078
2655 949502
2656 949196
2657 947284
2658 945538
2659 943244
2660 942764
2661 940376
2662 938150
2663 937586
2664 935454
2665 933780
2666 930564
2667 930376
2668 928360
2669 926380
2670 925884
2671 923696
2672 921958
2673 921342
2674 917620
2675 917218
2676 916054
2677 913216
2678 912878
2679 910752
2680 908448
2681 907542
2682 906656
2683 904896
2684 903240
2685 900802
2686 898972
2687 898120
2688 895950
2689 895806
2690 892564
2691 892422
2692 890684
2693 887680
2694 886742
2695 883732
2696 883732
2697 882796
2698 880964
2699 879394
2700 875408
2701 874206
2702 873546
2703 870672
2704 872030
2705 869666
2706 868046
2707 865228
2708 864466
2709 861522
2710 861766
2711 859122
2712 859016
2713 856176
2714 855520
2715 853798
2716 851438
2717 849276
2718 848740
2719 846502
2720 845510
2721 843762
2722 842106
2723 839798
2724 838936
2725 837578
2726 835136
2727 833732
2728 832838
2729 830986
2730 830434
2731 828832
2732 825112
2733 824124
2734 824000
2735 821666
2736 821202
2737 819026
2738 817382
2739 815538
2740 814868
2741 812828
2742 811408
2743 810988
2744 808428
2745 806472
2746 804604
2747 804498
2748 800658
2749 799782
2750 799662
2751 796800
2752 796022
2753 795076
2754 791010
2755 791944
2756 789880
2757 788390
2758 786918
2759 786658
2760 786194
2761 783676
2762 781406
2763 779610
2764 778634
2765 777236
2766 775250
2767 774564
2768 772608
2769 771650
2770 770854
2771 768906
2772 767804
2773 766058
2774 763766
2775 762418
2776 760862
2777 759510
2778 757366
2779 756554
2780 755348
2781 754178
2782 752082
2783 751028
2784 750052
2785 748604
2786 747234
2787 744632
2788 745198
2789 741458
2790 742498
2791 739586
2792 738994
2793 738390
2794 736720
2795 734386
2796 733118
2797 729684
2798 729274
2799 727864
2800 727122
2801 725792
2802 725424
2803 723098
2804 721690
2805 721054
2806 718568
2807 716780
2808 716136
2809 713920
2810 713554
2811 711144
2812 710520
2813 710572
2814 708190
2815 705846
2816 705032
2817 705310
2818 701698
2819 701488
2820 700518
2821 699526
2822 696186
2823 695880
2824 695040
2825 693872
2826 691498
2827 690000
2828 689926
2829 688046
2830 684198
2831 683932
2832 684678
2833 682684
2834 682516
2835 679744
2836 678216
2837 678510
2838 676530
2839 674852
2840 674296
2841 672330
2842 670636
2843 671118
2844 669534
2845 667844
2846 666706
2847 665138
2848 664842
2849 664122
2850 661504
2851 660734
2852 658996
2853 658622
2854 656656
2855 655832
2856 654566
2857 652518
2858 650600
2859 650070
2860 649246
2861 647628
2862 647124
2863 646406
2864 643792
2865 642822
2866 640208
2867 640416
2868 638182
2869 637634
2870 635196
2871 634934
2872 633246
2873 632748
2874 631734
2875 630900
2876 629352
2877 627026
2878 626620
2879 624912
2880 624498
2881 622050
2882 622018
2883 621024
2884 618690
2885 617380
2886 617408
2887 616286
2888 614218
2889 612820
2890 611608
2891 611586
2892 608260
2893 608332
2894 606522
2895 605944
2896 604576
2897 603838
2898 602390
2899 599540
2900 599770
2901 598516
2902 596826
2903 595406
2904 595736
2905 593584
2906 592574
2907 591206
2908 590668
2909 588506
2910 588036
2911 587544
2912 585098
2913 585584
2914 583604
2915 582096
2916 582032
2917 579678
2918 579834
2919 577436
2920 576410
2921 576382
2922 573476
2923 573056
2924 572242
2925 571104
2926 570522
2927 569416
2928 568904
2929 566762
2930 565404
2931 564160
2932 563136
2933 561908
2934 561378
2935 560504
2936 559070
2937 557348
2938 557070
2939 555754
2940 554432
2941 553094
2942 551934
2943 550768
2944 549950
2945 549300
2946 547734
2947 546292
2948 546730
2949 544058
2950 544558
2951 542798
2952 540552
2953 540534
2954 539664
2955 538164
2956 537996
2957 535540
2958 535352
2959 534262
2960 532508
2961 532274
2962 530574
2963 528976
2964 528706
2965 528214
2966 527530
2967 526336
2968 524852
2969 524174
2970 521414
2971 520774
2972 519800
2973 520084
2974 518976
2975 517300
2976 515684
2977 515158
2978 514132
2979 512662
2980 511592
2981 511500
2982 510054
2983 508274
2984 508064
2985 506708
2986 505690
2987 504390
2988 503500
2989 502652
2990 501256
2991 501094
2992 499036
2993 499266
2994 497814
2995 496762
2996 495528
2997 495168
2998 493228
2999 492520
3000 491244
3001 490502
3002 491044
3003 488758
3004 488238
3005 487442
3006 485762
3007 484234
3008 483766
3009 483252
3010 482524
3011 482164
3012 480362
3013 479496
3014 477506
3015 475770
3016 475776
3017 474582
3018 473674
3019 473414
3020 472090
3021 470722
3022 469366
3023 468890
3024 468338
3025 465908
3026 465574
3027 465344
3028 463198
3029 462318
3030 461860
3031 460572
3032 460332
3033 458202
3034 457992
3035 457504
3036 455386
3037 455078
3038 455292
3039 453234
3040 452034
3041 452340
3042 450532
3043 449080
3044 448682
3045 447856
3046 445854
3047 445454
3048 444184
3049 444952
3050 443094
3051 442514
3052 442490
3053 440572
3054 439364
3055 439164
3056 437474
3057 436946
3058 436620
3059 435904
3060 434144
3061 432900
3062 431670
3063 431710
3064 430456
3065 429726
3066 428850
3067 428186
3068 426874
3069 426974
3070 425702
3071 424492
3072 424168
3073 423440
3074 421920
3075 421408
3076 420142
3077 420168
3078 418396
3079 417824
3080 417124
3081 416472
3082 415564
3083 414912
3084 413240
3085 412534
3086 411760
3087 411668
3088 410266
3089 409406
3090 408980
3091 407238
3092 407252
3093 406126
3094 405192
3095 404844
3096 404592
3097 402788
3098 401960
3099 401362
3100 400804
3101 399948
3102 399450
3103 398110
3104 397442
3105 397382
3106 396954
3107 394690
3108 394154
3109 392706
3110 392906
3111 392970
3112 391350
3113 391166
3114 390296
3115 389322
3116 388426
3117 387596
3118 386448
3119 386276
3120 385184
3121 384050
3122 384086
3123 383272
3124 382402
3125 381176
3126 381368
3127 380072
3128 379526
3129 378172
3130 378008
3131 377688
3132 376740
3133 375602
3134 374962
3135 374284
3136 373724
3137 371682
3138 372052
3139 371284
3140 370560
3141 370808
3142 368420
3143 368406
3144 367430
3145 366208
3146 365996
3147 365416
3148 365200
3149 364106
3150 363774
3151 362442
3152 361342
3153 360966
3154 360230
3155 359374
3156 359510
3157 358448
3158 357506
3159 356142
3160 356706
3161 354944
3162 354762
3163 353836
3164 352956
3165 352246
3166 352706
3167 351096
3168 350842
3169 350032
3170 349388
3171 349104
3172 346872
3173 347190
3174 345882
3175 345478
3176 345146
3177 344844
3178 343576
3179 342636
3180 342692
3181 341704
3182 340526
3183 339564
3184 338834
3185 339038
3186 337510
3187 337106
3188 336288
3189 335850
3190 335270
3191 333974
3192 333958
3193 333214
3194 333130
3195 332638
3196 330440
3197 330066
3198 330386
3199 329618
3200 328324
3201 328030
3202 327478
3203 326834
3204 326364
3205 324684
3206 324562
3207 324246
3208 323646
3209 323178
3210 322414
3211 322372
3212 321686
3213 319356
3214 319296
3215 318592
3216 317538
3217 316756
3218 316646
3219 315258
3220 315240
3221 314970
3222 314336
3223 313622
3224 313380
3225 312704
3226 311776
3227 311192
3228 309436
3229 310470
3230 308384
3231 308220
3232 307336
3233 307498
3234 306828
3235 305674
3236 305716
3237 303872
3238 303774
3239 302566
3240 302644
3241 302016
3242 301112
3243 301206
3244 299940
3245 299882
3246 299784
3247 298764
3248 296770
3249 296910
3250 296086
3251 296148
3252 295098
3253 294946
3254 293280
3255 293042
3256 292146
3257 291900
3258 291220
3259 290132
3260 290746
3261 289574
3262 287670
3263 287866
3264 286952
3265 286874
3266 286772
3267 285088
3268 285054
3269 283718
3270 283142
3271 283038
3272 282724
3273 281680
3274 282116
3275 280608
3276 280174
3277 278862
3278 279380
3279 277748
3280 277272
3281 277200
3282 276568
3283 275732
3284 274956
3285 274018
3286 274024
3287 272720
3288 272524
3289 272332
3290 271024
3291 270378
3292 269648
3293 268510
3294 268468
3295 267620
3296 267560
3297 266542
3298 266034
3299 265940
3300 264810
3301 264332
3302 263376
3303 263172
3304 262112
3305 261174
3306 260392
3307 260504
3308 259454
3309 259126
3310 258608
3311 257854
3312 258052
3313 256796
3314 256332
3315 255320
3316 254978
3317 254972
3318 253930
3319 253662
3320 252720
3321 251832
3322 251604
3323 251500
3324 249960
3325 249800
3326 250180
3327 249180
3328 248644
3329 248320
3330 247100
3331 246314
3332 246580
3333 246306
3334 245978
3335 244890
3336 245182
3337 243782
3338 243502
3339 242740
3340 242478
3341 242440
3342 241756
3343 241704
3344 239950
3345 239486
3346 239046
3347 239164
3348 238282
3349 238112
3350 237342
3351 236940
3352 236136
3353 235892
3354 234894
3355 234786
3356 234020
3357 233186
3358 232960
3359 232786
3360 232422
3361 231610
3362 230874
3363 230450
3364 230384
3365 229612
3366 229044
3367 228386
3368 228064
3369 227348
3370 227182
3371 226290
3372 225976
3373 225810
3374 225484
3375 224690
3376 224570
3377 223452
3378 224112
3379 222524
3380 222362
3381 221906
3382 221114
3383 220586
3384 220388
3385 220456
3386 219806
3387 219258
3388 218838
3389 217674
3390 217520
3391 217718
3392 217122
3393 216182
3394 216394
3395 215600
3396 214956
3397 215108
3398 214300
3399 213698
3400 213472
3401 212340
3402 212516
3403 211646
3404 211876
3405 210774
3406 210472
3407 210008
3408 209682
3409 209464
3410 208476
3411 207924
3412 208188
3413 207336
3414 206810
3415 206542
3416 205698
3417 205146
3418 204922
3419 204516
3420 204160
3421 203632
3422 203254
3423 202514
3424 201882
3425 201662
3426 200542
3427 200934
3428 200042
3429 199522
3430 199350
3431 198920
3432 198704
3433 198462
3434 197858
3435 197514
3436 195980
3437 196322
3438 196316
3439 195510
3440 194946
3441 194134
3442 194322
3443 193670
3444 193210
3445 193268
3446 192614
3447 192190
3448 192192
3449 191236
3450 190882
3451 189692
3452 189974
3453 189950
3454 189352
3455 188778
3456 188322
3457 188298
3458 187140
3459 187190
3460 187176
3461 186134
3462 185928
3463 185866
3464 185540
3465 184642
3466 184692
3467 184332
3468 183518
3469 183256
3470 182674
3471 182318
3472 182012
3473 181762
3474 181584
3475 180926
3476 180498
3477 180662
3478 180164
3479 179544
3480 179200
3481 178630
3482 178402
3483 177608
3484 177514
3485 177072
3486 176556
3487 176638
3488 175876
3489 176148
3490 175168
3491 174754
3492 174504
3493 174360
3494 173698
3495 173400
3496 173120
3497 172616
3498 172186
3499 172318
3500 171378
3501 171134
3502 170954
3503 170534
3504 170290
3505 170366
3506 169414
3507 168434
3508 168938
3509 168128
3510 168068
3511 167546
3512 167098
3513 166888
3514 166288
3515 165860
3516 165864
3517 165156
3518 164666
3519 164584
3520 163702
3521 163392
3522 162892
3523 162568
3524 162228
3525 161934
3526 161480
3527 161222
3528 160910
3529 160854
3530 160590
3531 159924
3532 159596
3533 159092
3534 158940
3535 157736
3536 157912
3537 157430
3538 156632
3539 156942
3540 156080
3541 155852
3542 155530
3543 155730
3544 154870
3545 154836
3546 154002
3547 153722
3548 153066
3549 152462
3550 152524
3551 152266
3552 151564
3553 151134
3554 150698
3555 150794
3556 150416
3557 150046
3558 149740
3559 149362
3560 148854
3561 148682
3562 148344
3563 148466
3564 147506
3565 147590
3566 146888
3567 146616
3568 146132
3569 145818
3570 145424
3571 145608
3572 144520
3573 144472
3574 144040
3575 143902
3576 143516
3577 143256
3578 142764
3579 142180
3580 141994
3581 141752
3582 141386
3583 141192
3584 140666
3585 140568
3586 140416
3587 140202
3588 139846
3589 138850
3590 138634
3591 138526
3592 137538
3593 138168
3594 137446
3595 137532
3596 137146
3597 136522
3598 136438
3599 135990
3600 135812
3601 135356
3602 135170
3603 134982
3604 134450
3605 134474
3606 133924
3607 133622
3608 133490
3609 133200
3610 132908
3611 133004
3612 132350
3613 131984
3614 131954
3615 131460
3616 131256
3617 131358
3618 130450
3619 129968
3620 129836
3621 129712
3622 129564
3623 129542
3624 128408
3625 128470
3626 128218
3627 127648
3628 127222
3629 127398
3630 126694
3631 126550
3632 126618
3633 125786
3634 125798
3635 125312
3636 124870
3637 124802
3638 124330
3639 123978
3640 123768
3641 123512
3642 123102
3643 123044
3644 122774
3645 122462
3646 121784
3647 121734
3648 121498
3649 121380
3650 120822
3651 120678
3652 120212
3653 120196
3654 119342
3655 119528
3656 119528
3657 118776
3658 118600
3659 117888
3660 117982
3661 117562
3662 117684
3663 116916
3664 116410
3665 116586
3666 116738
3667 115868
3668 116134
3669 115766
3670 114998
3671 115124
3672 114580
3673 114494
3674 114098
3675 113690
3676 113666
3677 113406
3678 112620
3679 112434
3680 112468
3681 112132
3682 111926
3683 111832
3684 111036
3685 110896
3686 110678
3687 110394
3688 110206
3689 109884
3690 109206
3691 108754
3692 108906
3693 108514
3694 108570
3695 108210
3696 107924
3697 107700
3698 107218
3699 107638
3700 106790
3701 106584
3702 106326
3703 105736
3704 105328
3705 105222
3706 105212
3707 104460
3708 104024
3709 104080
3710 104136
3711 103428
3712 103444
3713 103266
3714 102772
3715 102608
3716 102006
3717 101914
3718 101620
3719 101132
3720 101284
3721 100786
3722 100610
3723 100354
3724 99866
3725 100080
3726 99738
3727 99374
3728 99018
3729 98986
3730 98404
3731 98246
3732 98440
3733 97828
3734 98016
3735 97792
3736 97226
3737 97024
3738 96842
3739 96690
3740 96342
3741 96200
3742 95898
3743 96090
3744 95454
3745 95400
3746 95046
3747 94456
3748 94782
3749 94460
3750 93938
3751 93438
3752 93476
3753 93382
3754 92976
3755 92682
3756 92662
3757 92640
3758 92140
3759 91956
3760 91926
3761 91560
3762 91350
3763 91246
3764 90866
3765 90368
3766 90266
3767 90224
3768 89696
3769 89662
3770 89372
3771 89014
3772 89108
3773 88742
3774 88484
3775 88060
3776 88396
3777 87964
3778 87618
3779 87318
3780 86958
3781 86872
3782 86472
3783 86150
3784 86238
3785 86102
3786 85716
3787 85724
3788 85246
3789 85118
3790 84726
3791 84736
3792 84726
3793 84638
3794 84112
3795 83968
3796 83562
3797 83344
3798 83410
3799 82908
3800 82788
3801 82562
3802 82272
3803 82234
3804 82366
3805 81872
3806 81572
3807 81546
3808 80756
3809 80982
3810 80598
3811 80602
3812 80536
3813 80446
3814 80180
3815 79850
3816 79848
3817 79246
3818 79226
3819 78826
3820 78804
3821 79070
3822 78406
3823 78454
3824 77784
3825 77710
3826 77398
3827 77282
3828 77062
3829 76868
3830 76606
3831 76450
3832 76534
3833 75754
3834 75688
3835 75870
3836 75600
3837 75320
3838 75490
3839 75128
3840 74918
3841 74296
3842 74402
3843 73958
3844 74074
3845 74040
3846 73562
3847 73216
3848 73166
3849 72842
3850 72840
3851 72698
3852 72582
3853 72394
3854 72046
3855 71992
3856 71886
3857 71568
3858 71584
3859 71334
3860 71352
3861 70708
3862 70636
3863 70510
3864 70544
3865 70426
3866 70068
3867 69826
3868 69532
3869 69318
3870 69396
3871 69290
3872 68982
3873 68912
3874 68868
3875 68484
3876 68584
3877 68038
3878 67976
3879 68126
3880 67586
3881 67772
3882 67590
3883 67098
3884 67182
3885 67142
3886 66888
3887 66814
3888 66518
3889 66724
3890 66468
3891 66648
3892 66126
3893 66014
3894 65626
3895 65644
3896 65538
3897 65314
3898 65336
3899 65090
3900 65086
3901 65072
3902 64758
3903 64718
3904 64404
3905 64188
3906 64280
3907 64198
3908 63702
3909 63624
3910 63622
3911 63270
3912 62830
3913 62958
3914 63092
3915 62726
3916 62684
3917 62370
3918 62122
3919 62286
3920 61876
3921 61712
3922 61576
3923 61720
3924 61438
3925 61102
3926 61114
3927 60622
3928 60808
3929 60764
3930 60398
3931 59936
3932 59976
3933 60032
3934 60060
3935 59616
3936 59616
3937 59244
3938 58924
3939 58724
3940 59014
3941 58882
3942 58732
3943 58478
3944 58234
3945 58014
3946 58214
3947 57784
3948 57556
3949 57668
3950 57390
3951 57234
3952 56716
3953 56794
3954 56654
3955 56704
3956 56362
3957 56292
3958 56416
3959 55928
3960 55944
3961 55494
3962 55668
3963 55378
3964 55522
3965 55418
3966 54976
3967 55044
3968 54666
3969 54804
3970 54558
3971 54568
3972 54260
3973 54204
3974 53864
3975 54390
3976 53718
3977 53806
3978 53676
3979 53588
3980 53240
3981 53052
3982 52968
3983 52568
3984 52852
3985 52724
3986 52526
3987 52394
3988 52174
3989 52176
3990 52064
3991 51976
3992 51782
3993 51686
3994 51588
3995 51378
3996 51394
3997 51322
3998 51122
3999 51048
4000 50810
4001 50718
4002 50490
4003 50258
4004 50486
4005 50384
4006 50116
4007 49842
4008 49900
4009 49886
4010 49842
4011 49382
4012 49526
4013 49664
4014 49346
4015 49050
4016 49240
4017 49058
4018 48652
4019 48836
4020 48572
4021 48522
4022 48648
4023 48144
4024 47938
4025 48026
4026 47614
4027 47610
4028 47610
4029 47466
4030 47438
4031 47358
4032 47348
4033 47020
4034 47058
4035 46800
4036 46710
4037 46730
4038 46542
4039 46478
4040 46494
4041 46264
4042 46400
4043 45946
4044 46006
4045 45842
4046 45882
4047 45922
4048 45536
4049 45306
4050 45320
4051 45190
4052 45134
4053 45138
4054 44780
4055 44818
4056 44842
4057 44840
4058 44656
4059 44462
4060 44338
4061 44148
4062 43996
4063 44096
4064 43984
4065 43638
4066 43694
4067 43508
4068 43336
4069 43468
4070 43308
4071 43074
4072 42822
4073 42758
4074 42814
4075 42508
4076 42352
4077 42302
4078 42164
4079 42130
4080 42108
4081 41996
4082 41830
4083 41796
4084 41362
4085 41480
4086 41436
4087 41258
4088 40928
4089 41076
4090 41206
4091 41156
4092 41114
4093 40772
4094 40548
4095 40274
4096 40586
4097 40306
4098 40046
4099 40090
4100 40110
4101 39756
4102 39572
4103 39454
4104 39446
4105 39482
4106 39498
4107 39088
4108 39164
4109 38980
4110 39076
4111 38650
4112 38704
4113 38488
4114 38554
4115 38502
4116 38272
4117 38302
4118 38264
4119 38234
4120 38018
4121 37644
4122 37462
4123 37380
4124 37440
4125 37250
4126 37054
4127 37198
4128 37110
4129 36888
4130 36832
4131 36784
4132 36560
4133 36388
4134 36400
4135 36084
4136 36036
4137 35842
4138 35606
4139 35546
4140 35648
4141 35364
4142 35664
4143 35038
4144 35056
4145 35134
4146 35064
4147 34986
4148 34820
4149 34718
4150 34676
4151 34322
4152 34558
4153 34278
4154 34156
4155 34094
4156 34120
4157 33974
4158 33862
4159 33798
4160 33676
4161 33538
4162 33386
4163 33122
4164 33234
4165 33162
4166 33110
4167 32898
4168 32940
4169 32718
4170 32704
4171 32642
4172 32452
4173 32550
4174 32218
4175 32210
4176 32208
4177 31966
4178 31912
4179 31838
4180 31700
4181 31842
4182 31654
4183 31398
4184 31218
4185 31316
4186 31142
4187 31272
4188 31006
4189 30868
4190 30880
4191 30644
4192 30868
4193 30514
4194 30588
4195 30418
4196 30216
4197 30146
4198 30052
4199 30104
4200 29840
4201 30052
4202 30036
4203 29622
4204 29728
4205 29582
4206 29536
4207 29346
4208 29298
4209 29210
4210 29148
4211 29022
4212 29142
4213 28882
4214 29032
4215 28876
4216 28628
4217 28654
4218 28612
4219 28410
4220 28424
4221 28322
4222 28326
4223 28046
4224 28096
4225 27988
4226 28146
4227 27784
4228 27940
4229 27744
4230 27638
4231 27444
4232 27398
4233 27524
4234 27398
4235 27282
4236 27020
4237 26880
4238 26864
4239 26952
4240 26694
4241 26708
4242 26488
4243 26418
4244 26482
4245 26460
4246 26306
4247 26338
4248 26146
4249 26118
4250 25822
4251 25736
4252 25816
4253 25586
4254 25532
4255 25576
4256 25526
4257 25210
4258 25510
4259 25256
4260 25030
4261 25178
4262 25024
4263 25046
4264 24990
4265 24862
4266 24814
4267 24768
4268 24716
4269 24618
4270 24492
4271 24384
4272 24354
4273 24462
4274 24354
4275 24278
4276 24320
4277 24128
4278 24034
4279 24056
4280 23784
4281 23880
4282 23910
4283 23864
4284 23818
4285 23666
4286 23670
4287 23684
4288 23592
4289 23336
4290 23428
4291 23410
4292 23524
4293 23230
4294 23214
4295 23204
4296 23062
4297 22992
4298 22956
4299 22730
4300 22820
4301 22816
4302 22822
4303 22666
4304 22592
4305 22596
4306 22506
4307 22380
4308 22524
4309 22318
4310 22284
4311 22350
4312 22078
4313 22116
4314 22086
4315 22002
4316 21946
4317 21902
4318 21816
4319 21814
4320 21874
4321 21668
4322 21506
4323 21532
4324 21412
4325 21430
4326 21258
4327 21262
4328 21330
4329 21356
4330 21250
4331 21216
4332 21122
4333 21050
4334 20996
4335 20932
4336 20870
4337 20778
4338 20696
4339 20734
4340 20660
4341 20622
4342 20578
4343 20564
4344 20618
4345 20344
4346 20332
4347 20436
4348 20230
4349 20084
4350 20150
4351 20038
4352 20028
4353 19904
4354 20018
4355 19784
4356 19976
4357 19828
4358 19736
4359 19596
4360 19606
4361 19538
4362 19452
4363 19362
4364 19336
4365 19240
4366 19198
4367 19150
4368 19164
4369 18948
4370 19034
4371 19008
4372 18952
4373 18868
4374 18822
4375 18744
4376 18746
4377 18638
4378 18478
4379 18536
4380 18402
4381 18512
4382 18364
4383 18232
4384 18132
4385 18172
4386 18178
4387 18226
4388 18186
4389 17970
4390 18092
4391 18138
4392 18002
4393 17868
4394 17750
4395 17824
4396 17784
4397 17712
4398 17644
4399 17514
4400 17600
4401 17332
4402 17288
4403 17322
4404 17360
4405 17240
4406 17160
4407 17234
4408 17200
4409 17156
4410 16968
4411 17024
4412 16932
4413 16830
4414 16708
4415 16876
4416 16692
4417 16612
4418 16688
4419 16694
4420 16668
4421 16492
4422 16508
4423 16492
4424 16482
4425 16264
4426 16280
4427 16376
4428 16318
4429 16206
4430 16100
4431 16084
4432 16010
4433 15942
4434 15968
4435 16014
4436 16008
4437 15880
4438 15806
4439 15752
4440 15808
4441 15754
4442 15572
4443 15568
4444 15632
4445 15562
4446 15486
4447 15412
4448 15358
4449 15316
4450 15410
4451 15308
4452 15258
4453 15066
4454 15072
4455 15024
4456 14972
4457 14992
4458 14930
4459 14816
4460 14858
4461 14760
4462 14754
4463 14566
4464 14692
4465 14674
4466 14606
4467 14574
4468 14554
4469 14520
4470 14424
4471 14426
4472 14430
4473 14378
4474 14394
4475 14362
4476 14206
4477 14126
4478 14144
4479 14198
4480 13958
4481 14060
4482 14044
4483 14004
4484 14004
4485 13952
4486 13956
4487 13916
4488 13896
4489 13818
4490 13656
4491 13734
4492 13664
4493 13614
4494 13616
4495 13604
4496 13720
4497 13520
4498 13544
4499 13478
4500 13432
4501 13410
4502 13454
4503 13444
4504 13378
4505 13218
4506 13176
4507 13156
4508 13220
4509 13114
4510 13188
4511 13004
4512 13044
4513 12986
4514 13026
4515 12974
4516 12918
4517 12862
4518 12820
4519 12794
4520 12892
4521 12940
4522 12798
4523 12726
4524 12726
4525 12642
4526 12526
4527 12618
4528 12536
4529 12476
4530 12440
4531 12342
4532 12424
4533 12360
4534 12388
4535 12342
4536 12322
4537 12356
4538 12192
4539 12178
4540 12220
4541 12222
4542 12164
4543 12070
4544 12080
4545 12058
4546 12084
4547 12040
4548 11874
4549 11882
4550 11974
4551 11854
4552 11844
4553 11880
4554 11798
4555 11672
4556 11674
4557 11620
4558 11596
4559 11558
4560 11612
4561 11516
4562 11470
4563 11520
4564 11498
4565 11452
4566 11446
4567 11252
4568 11256
4569 11324
4570 11352
4571 11150
4572 11080
4573 11168
4574 11046
4575 11024
4576 11036
4577 10982
4578 10940
4579 10890
4580 10804
4581 10880
4582 10876
4583 10706
4584 10750
4585 10710
4586 10762
4587 10634
4588 10574
4589 10592
4590 10540
4591 10576
4592 10526
4593 10450
4594 10458
4595 10452
4596 10452
4597 10416
4598 10340
4599 10380
4600 10402
4601 10222
4602 10308
4603 10210
4604 10146
4605 10266
4606 10108
4607 10000
4608 10074
4609 10080
4610 10040
4611 10004
4612 9950
4613 9944
4614 10018
4615 9874
4616 9902
4617 9854
4618 9760
4619 9838
4620 9834
4621 9690
4622 9748
4623 9684
4624 9686
4625 9664
4626 9622
4627 9576
4628 9514
4629 9552
4630 9474
4631 9514
4632 9534
4633 9420
4634 9372
4635 9384
4636 9310
4637 9332
4638 9306
4639 9300
4640 9382
4641 9308
4642 9172
4643 9122
4644 9176
4645 9112
4646 9156
4647 9088
4648 9046
4649 9020
4650 9040
4651 8944
4652 8966
4653 9034
4654 8950
4655 8860
4656 8978
4657 8948
4658 8904
4659 8842
4660 8802
4661 8768
4662 8750
4663 8804
4664 8720
4665 8650
4666 8666
4667 8602
4668 8574
4669 8664
4670 8496
4671 8630
4672 8526
4673 8508
4674 8576
4675 8470
4676 8494
4677 8600
4678 8466
4679 8464
4680 8486
4681 8438
4682 8454
4683 8470
4684 8412
4685 8366
4686 8368
4687 8432
4688 8376
4689 8334
4690 8382
4691 8320
4692 8276
4693 8222
4694 8174
4695 8262
4696 8198
4697 8210
4698 8310
4699 8088
4700 8198
4701 8180
4702 8150
4703 8106
4704 8098
4705 8076
4706 8014
4707 8034
4708 7992
4709 8028
4710 8016
4711 8062
4712 7940
4713 7902
4714 7976
4715 7892
4716 7868
4717 7836
4718 7864
4719 7926
4720 7814
4721 7726
4722 7762
4723 7810
4724 7792
4725 7760
4726 7858
4727 7758
4728 7736
4729 7692
4730 7642
4731 7622
4732 7510
4733 7660
4734 7688
4735 7652
4736 7616
4737 7598
4738 7528
4739 7522
4740 7560
4741 7560
4742 7520
4743 7482
4744 7468
4745 7362
4746 7372
4747 7510
4748 7420
4749 7450
4750 7386
4751 7500
4752 7388
4753 7298
4754 7390
4755 7240
4756 7326
4757 7238
4758 7322
4759 7220
4760 7190
4761 7262
4762 7200
4763 7262
4764 7234
4765 7176
4766 7134
4767 7078
4768 7100
4769 7112
4770 7080
4771 7070
4772 7098
4773 7034
4774 7026
4775 6960
4776 7014
4777 7030
4778 7034
4779 6926
4780 6910
4781 6900
4782 6946
4783 6870
4784 6810
4785 6944
4786 6944
4787 6832
4788 6794
4789 6874
4790 6770
4791 6758
4792 6812
4793 6714
4794 6740
4795 6722
4796 6672
4797 6708
4798 6678
4799 6682
4800 6664
4801 6636
4802 6656
4803 6602
4804 6606
4805 6628
4806 6618
4807 6544
4808 6506
4809 6588
4810 6508
4811 6468
4812 6514
4813 6442
4814 6472
4815 6538
4816 6402
4817 6354
4818 6368
4819 6368
4820 6372
4821 6282
4822 6372
4823 6398
4824 6260
4825 6284
4826 6298
4827 6272
4828 6300
4829 6310
4830 6250
4831 6280
4832 6280
4833 6190
4834 6234
4835 6204
4836 6120
4837 6202
4838 6174
4839 6178
4840 6132
4841 6132
4842 6130
4843 6072
4844 6086
4845 6074
4846 6062
4847 6062
4848 6014
4849 6024
4850 5942
4851 6050
4852 5988
4853 5940
4854 5972
4855 5864
4856 5934
4857 5934
4858 5890
4859 5842
4860 5850
4861 5842
4862 5810
4863 5792
4864 5728
4865 5816
4866 5708
4867 5704
4868 5766
4869 5724
4870 5768
4871 5708
4872 5682
4873 5666
4874 5734
4875 5656
4876 5590
4877 5636
4878 5686
4879 5574
4880 5612
4881 5624
4882 5582
4883 5588
4884 5504
4885 5546
4886 5512
4887 5532
4888 5518
4889 5556
4890 5474
4891 5456
4892 5496
4893 5492
4894 5410
4895 5436
4896 5448
4897 5454
4898 5428
4899 5364
4900 5426
4901 5346
4902 5324
4903 5314
4904 5326
4905 5288
4906 5320
4907 5268
4908 5234
4909 5276
4910 5196
4911 5228
4912 5242
4913 5224
4914 5138
4915 5148
4916 5088
4917 5106
4918 5064
4919 5092
4920 5114
4921 5028
4922 5026
4923 4934
4924 4964
4925 4982
4926 5034
4927 5028
4928 4932
4929 4938
4930 4878
4931 4864
4932 4852
4933 4874
4934 4828
4935 4860
4936 4826
4937 4822
4938 4856
4939 4786
4940 4762
4941 4800
4942 4746
4943 4752
4944 4712
4945 4700
4946 4668
4947 4656
4948 4628
4949 4630
4950 4630
4951 4682
4952 4682
4953 4572
4954 4594
4955 4524
4956 4556
4957 4596
4958 4486
4959 4504
4960 4498
4961 4458
4962 4378
4963 4354
4964 4408
4965 4420
4966 4356
4967 4344
4968 4262
4969 4288
4970 4300
4971 4292
4972 4290
4973 4238
4974 4208
4975 4262
4976 4170
4977 4188
4978 4246
4979 4174
4980 4180
4981 4090
4982 4112
4983 4168
4984 4102
4985 4106
4986 4076
4987 4102
4988 4092
4989 4062
4990 4024
4991 3968
4992 3966
4993 4006
4994 3932
4995 3914
4996 3892
4997 3900
4998 3900
4999 3854
5000 3882
5001 3872
5002 3786
5003 3848
5004 3770
5005 3794
5006 3696
5007 3686
5008 3622
5009 3674
5010 3638
5011 3694
5012 3624
5013 3588
5014 3614
5015 3558
5016 3578
5017 3530
5018 3544
5019 3532
5020 3516
5021 3512
5022 3460
5023 3490
5024 3476
5025 3514
5026 3424
5027 3422
5028 3402
5029 3386
5030 3366
5031 3332
5032 3348
5033 3362
5034 3348
5035 3332
5036 3318
5037 3296
5038 3234
5039 3224
5040 3240
5041 3250
5042 3204
5043 3240
5044 3212
5045 3202
5046 3170
5047 3160
5048 3174
5049 3098
5050 3124
5051 3120
5052 3064
5053 3076
5054 3066
5055 3012
5056 3060
5057 3052
5058 2962
5059 2960
5060 2964
5061 3020
5062 2938
5063 2946
5064 2938
5065 2974
5066 2962
5067 2902
5068 2864
5069 2902
5070 2840
5071 2864
5072 2820
5073 2810
5074 2808
5075 2762
5076 2726
5077 2746
5078 2692
5079 2702
5080 2708
5081 2692
5082 2650
5083 2660
5084 2704
5085 2636
5086 2600
5087 2586
5088 2578
5089 2598
5090 2584
5091 2580
5092 2528
5093 2528
5094 2482
5095 2550
5096 2468
5097 2462
5098 2482
5099 2412
5100 2434
5101 2398
5102 2432
5103 2366
5104 2346
5105 2372
5106 2342
5107 2334
5108 2334
5109 2286
5110 2246
5111 2268
5112 2246
5113 2250
5114 2204
5115 2236
5116 2194
5117 2212
5118 2162
5119 2194
5120 2148
5121 2130
5122 2120
5123 2048
5124 2060
5125 2060
5126 2024
5127 2040
5128 2034
5129 2010
5130 1960
5131 2000
5132 1974
5133 1970
5134 1974
5135 1924
5136 1878
5137 1896
5138 1864
5139 1860
5140 1850
5141 1836
5142 1868
5143 1808
5144 1788
5145 1770
5146 1798
5147 1760
5148 1742
5149 1758
5150 1692
5151 1670
5152 1708
5153 1660
5154 1656
5155 1636
5156 1614
5157 1674
5158 1624
5159 1534
5160 1540
5161 1534
5162 1514
5163 1538
5164 1518
5165 1492
5166 1474
5167 1482
5168 1416
5169 1422
5170 1412
5171 1398
5172 1386
5173 1400
5174 1340
5175 1312
5176 1290
5177 1260
5178 1314
5179 1268
5180 1264
5181 1254
5182 1194
5183 1184
5184 1160
5185 1184
5186 1130
5187 1142
5188 1148
5189 1110
5190 1118
5191 1080
5192 1082
5193 1060
5194 1040
5195 1044
5196 1014
5197 988
5198 996
5199 996
5200 1000
5201 978
5202 984
5203 954
5204 944
5205 964
5206 914
5207 938
5208 918
5209 914
5210 914
5211 878
5212 886
5213 880
5214 858
5215 882
5216 822
5217 846
5218 826
5219 828
5220 818
5221 806
5222 820
5223 796
5224 792
5225 784
5226 748
5227 758
5228 746
5229 758
5230 758
5231 718
5232 702
5233 704
5234 696
5235 700
5236 694
5237 670
5238 664
5239 654
5240 616
5241 634
5242 620
5243 630
5244 604
5245 582
5246 600
5247 588
5248 580
5249 568
5250 562
5251 572
5252 548
5253 534
5254 510
5255 494
5256 496
5257 492
5258 478
5259 456
5260 442
5261 440
5262 416
5263 406
5264 394
5265 384
5266 394
5267 370
5268 368
5269 352
5270 354
5271 348
5272 336
5273 334
5274 314
5275 316
5276 310
5277 292
5278 322
5279 306
5280 304
5281 294
5282 290
5283 282
5284 272
5285 284
5286 266
5287 266
5288 254
5289 248
5290 254
5291 252
5292 238
5293 236
5294 218
5295 230
5296 228
5297 226
5298 208
5299 206
5300 204
5301 204
5302 210
5303 214
5304 194
5305 174
5306 172
5307 174
5308 180
5309 182
5310 176
5311 170
5312 162
5313 156
5314 152
5315 144
5316 144
5317 130
5318 132
5319 126
5320 122
5321 118
5322 118
5323 116
5324 118
5325 106
5326 96
5327 96
5328 84
5329 84
5330 80
5331 76
5332 74
5333 68
5334 66
5335 60
5336 58
5337 46
5338 36
5339 38
5340 28
5341 28
5342 22
5343 18
5344 14
5345 12
5346 10
5347 8
5348 6
5349 4
5350 0
5351 0
5352 0
5353 0
5354 0
5355 0
5356 0
5357 0
5358 0
5359 0
5360 0
5361 0
5362 0
5363 0
5364 0
5365 0
5366 0
5367 0
5368 0
5369 0
5370 0
5371 0
5372 0
5373 0
5374 0
5375 0
5376 0
5377 0
5378 0
5379 0
5380 0
5381 0
5382 0
5383 0
5384 0
5385 0
5386 0
5387 0
5388 0
5389 0
5390 0
5391 0
5392 0
5393 0
5394 0
5395 0
5396 0
5397 0
5398 0
5399 0
5400 0
5401 0
5402 0
5403 0
5404 0
5405 0
5406 0
5407 0
5408 0
5409 0
5410 0
5411 0
5412 0
5413 0
5414 0
5415 0
5416 0
5417 0
5418 0
5419 0
5420 0
5421 0
5422 0
5423 0
5424 0
5425 0
5426 0
5427 0
5428 0
5429 0
5430 0
5431 0
5432 0
5433 0
5434 0
5435 0
5436 0
5437 0
5438 0
5439 0
5440 0
5441 0
5442 0
5443 0
5444 0
5445 0
5446 0
5447 0
5448 0
5449 0
5450 0
5451 0
5452 0
5453 0
5454 0
5455 0
5456 0
5457 0
5458 0
5459 0
5460 0
5461 0
5462 0
5463 0
5464 0
5465 0
5466 0
5467 0
5468 0
5469 0
5470 0
5471 0
5472 0
5473 0
5474 0
5475 0
5476 0
5477 0
5478 0
5479 0
5480 0
5481 0
5482 0
5483 0
5484 0
5485 0
5486 0
5487 0
5488 0
5489 0
5490 0
5491 0
5492 0
5493 0
5494 0
5495 0
5496 0
5497 0
5498 0
5499 0
5500 0
5501 0
5502 0
5503 0
5504 0
5505 0
5506 0
5507 0
5508 0
5509 0
5510 0
5511 0
5512 0
5513 0
5514 0
5515 0
5516 0
5517 0
5518 0
5519 0
5520 0
5521 0
5522 0
5523 0
5524 0
5525 0
5526 0
5527 0
5528 0
5529 0
5530 0
5531 0
5532 0
5533 0
5534 0
5535 0
5536 0
5537 0
5538 0
5539 0
5540 0
5541 0
5542 0
5543 0
5544 0
5545 0
5546 0
5547 0
5548 0
5549 0
5550 0
5551 0
5552 0
5553 0
5554 0
5555 0
5556 0
5557 0
5558 0
5559 0
5560 0
5561 0
5562 0
5563 0
5564 0
5565 0
5566 0
5567 0
5568 0
5569 0
5570 0
5571 0
5572 0
5573 0
5574 0
5575 0
5576 0
5577 0
5578 0
5579 0
5580 0
5581 0
5582 0
5583 0
5584 0
5585 0
5586 0
5587 0
5588 0
5589 0
5590 0
5591 0
5592 0
5593 0
5594 0
5595 0
5596 0
5597 0
5598 0
5599 0
5600 0
5601 0
5602 0
5603 0
5604 0
5605 0
5606 0
5607 0
5608 0
5609 0
5610 0
5611 0
5612 0
5613 0
5614 0
5615 0
5616 0
5617 0
5618 0
5619 0
5620 0
5621 0
5622 0
5623 0
5624 0
5625 0
5626 0
5627 0
5628 0
5629 0
5630 0
5631 0
5632 0
5633 0
5634 0
5635 0
5636 0
5637 0
5638 0
5639 0
5640 0
5641 0
5642 0
5643 0
5644 0
5645 0
5646 0
5647 0
5648 0
5649 0
5650 0
5651 0
5652 0
5653 0
5654 0
5655 0
5656 0
5657 0
5658 0
5659 0
5660 0
5661 0
5662 0
5663 0
5664 0
5665 0
5666 0
5667 0
5668 0
5669 0
5670 0
5671 0
5672 0
5673 0
5674 0
5675 0
5676 0
5677 0
5678 0
5679 0
5680 0
5681 0
5682 0
5683 0
5684 0
5685 0
5686 0
5687 0
5688 0
5689 0
5690 0
5691 0
5692 0
5693 0
5694 0
5695 0
5696 0
5697 0
5698 0
5699 0
5700 0
5701 0
5702 0
5703 0
5704 0
5705 0
5706 0
5707 0
5708 0
5709 0
5710 0
5711 0
5712 0
5713 0
5714 0
5715 0
5716 0
5717 0
5718 0
5719 0
5720 0
5721 0
5722 0
5723 0
5724 0
5725 0
5726 0
5727 0
5728 0
5729 0
5730 0
5731 0
5732 0
5733 0
5734 0
5735 0
5736 0
5737 0
5738 0
5739 0
5740 0
5741 0
5742 0
5743 0
5744 0
5745 0
5746 0
5747 0
5748 0
5749 0
5750 0
5751 0
5752 0
5753 0
5754 0
5755 0
5756 0
5757 0
5758 0
5759 0
5760 0
5761 0
5762 0
5763 0
5764 0
5765 0
5766 0
5767 0
5768 0
5769 0
5770 0
5771 0
5772 0
5773 0
5774 0
5775 0
5776 0
5777 0
5778 0
5779 0
5780 0
5781 0
5782 0
5783 0
5784 0
5785 0
5786 0
5787 0
5788 0
5789 0
5790 0
5791 0
5792 0
5793 0
5794 0
5795 0
5796 0
5797 0
5798 0
5799 0
5800 0
5801 0
5802 0
5803 0
5804 0
5805 0
5806 0
5807 0
5808 0
5809 0
5810 0
5811 0
5812 0
5813 0
5814 0
5815 0
5816 0
5817 0
5818 0
5819 0
5820 0
5821 0
5822 0
5823 0
5824 0
5825 0
5826 0
5827 0
5828 0
5829 0
5830 0
5831 0
5832 0
5833 0
5834 0
5835 0
5836 0
5837 0
5838 0
5839 0
5840 0
5841 0
5842 0
5843 0
5844 0
5845 0
5846 0
5847 0
5848 0
5849 0
5850 0
5851 0
5852 0
5853 0
5854 0
5855 0
5856 0
5857 0
5858 0
5859 0
5860 0
5861 0
5862 0
5863 0
5864 0
5865 0
5866 0
5867 0
5868 0
5869 0
5870 0
5871 0
5872 0
5873 0
5874 0
5875 0
5876 0
5877 0
5878 0
5879 0
5880 0
5881 0
5882 0
5883 0
5884 0
5885 0
5886 0
5887 0
5888 0
5889 0
5890 0
5891 0
5892 0
5893 0
5894 0
5895 0
5896 0
5897 0
5898 0
5899 0
5900 0
5901 0
5902 0
5903 0
5904 0
5905 0
5906 0
5907 0
5908 0
5909 0
5910 0
5911 0
5912 0
5913 0
5914 0
5915 0
5916 0
5917 0
5918 0
5919 0
5920 0
5921 0
5922 0
5923 0
5924 0
5925 0
5926 0
5927 0
5928 0
5929 0
5930 0
5931 0
5932 0
5933 0
5934 0
5935 0
5936 0
5937 0
5938 0
5939 0
5940 0
5941 0
5942 0
5943 0
5944 0
5945 0
5946 0
5947 0
5948 0
5949 0
5950 0
5951 0
5952 0
5953 0
5954 0
5955 0
5956 0
5957 0
5958 0
5959 0
5960 0
5961 0
5962 0
5963 0
5964 0
5965 0
5966 0
5967 0
5968 0
5969 0
5970 0
5971 0
5972 0
5973 0
5974 0
5975 0
5976 0
5977 0
5978 0
5979 0
5980 0
5981 0
5982 0
5983 0
5984 0
5985 0
5986 0
5987 0
5988 0
5989 0
5990 0
5991 0
5992 0
5993 0
5994 0
5995 0
5996 0
5997 0
5998 0
5999 0
6000 0
6001 0
6002 0
6003 0
6004 0
6005 0
6006 0
6007 0
6008 0
6009 0
6010 0
6011 0
6012 0
6013 0
6014 0
6015 0
6016 0
6017 0
6018 0
6019 0
6020 0
6021 0
6022 0
6023 0
6024 0
6025 0
6026 0
6027 0
6028 0
6029 0
6030 0
6031 0
6032 0
6033 0
6034 0
6035 0
6036 0
6037 0
6038 0
6039 0
6040 0
6041 0
6042 0
6043 0
6044 0
6045 0
6046 0
6047 0
6048 0
6049 0
6050 0
6051 0
6052 0
6053 0
6054 0
6055 0
6056 0
6057 0
6058 0
6059 0
6060 0
6061 0
6062 0
6063 0
6064 0
6065 0
6066 0
6067 0
6068 0
6069 0
6070 0
6071 0
6072 0
6073 0
6074 0
6075 0
6076 0
6077 0
6078 0
6079 0
6080 0
6081 0
6082 0
6083 0
6084 0
6085 0
6086 0
6087 0
6088 0
6089 0
6090 0
6091 0
6092 0
6093 0
6094 0
6095 0
6096 0
6097 0
6098 0
6099 0
6100 0
6101 0
6102 0
6103 0
6104 0
6105 0
6106 0
6107 0
6108 0
6109 0
6110 0
6111 0
6112 0
6113 0
6114 0
6115 0
6116 0
6117 0
6118 0
6119 0
6120 0
6121 0
6122 0
6123 0
6124 0
6125 0
6126 0
6127 0
6128 0
6129 0
6130 0
6131 0
6132 0
6133 0
6134 0
6135 0
6136 0
6137 0
6138 0
6139 0
6140 0
6141 0
6142 0
6143 0
6144 0
6145 0
6146 0
6147 0
6148 0
6149 0
6150 0
6151 0
6152 0
6153 0
6154 0
6155 0
6156 0
6157 0
6158 0
6159 0
6160 0
6161 0
6162 0
6163 0
6164 0
6165 0
6166 0
6167 0
6168 0
6169 0
6170 0
6171 0
6172 0
6173 0
6174 0
6175 0
6176 0
6177 0
6178 0
6179 0
6180 0
6181 0
6182 0
6183 0
6184 0
6185 0
6186 0
6187 0
6188 0
6189 0
6190 0
6191 0
6192 0
6193 0
6194 0
6195 0
6196 0
6197 0
6198 0
6199 0
6200 0
6201 0
6202 0
6203 0
6204 0
6205 0
6206 0
6207 0
6208 0
6209 0
6210 0
6211 0
6212 0
6213 0
6214 0
6215 0
6216 0
6217 0
6218 0
6219 0
6220 0
6221 0
6222 0
6223 0
6224 0
6225 0
6226 0
6227 0
6228 0
6229 0
6230 0
6231 0
6232 0
6233 0
6234 0
6235 0
6236 0
6237 0
6238 0
6239 0
6240 0
6241 0
6242 0
6243 0
6244 0
6245 0
6246 0
6247 0
6248 0
6249 0
6250 0
6251 0
6252 0
6253 0
6254 0
6255 0
6256 0
6257 0
6258 0
6259 0
6260 0
6261 0
6262 0
6263 0
6264 0
6265 0
6266 0
6267 0
6268 0
6269 0
6270 0
6271 0
6272 0
6273 0
6274 0
6275 0
6276 0
6277 0
6278 0
6279 0
6280 0
6281 0
6282 0
6283 0
6284 0
6285 0
6286 0
6287 0
6288 0
6289 0
6290 0
6291 0
6292 0
6293 0
6294 0
6295 0
6296 0
6297 0
6298 0
6299 0
6300 0
6301 0
6302 0
6303 0
6304 0
6305 0
6306 0
6307 0
6308 0
6309 0
6310 0
6311 0
6312 0
6313 0
6314 0
6315 0
6316 0
6317 0
6318 0
6319 0
6320 0
6321 0
6322 0
6323 0
6324 0
6325 0
6326 0
6327 0
6328 0
6329 0
6330 0
6331 0
6332 0
6333 0
6334 0
6335 0
6336 0
6337 0
6338 0
6339 0
6340 0
6341 0
6342 0
6343 0
6344 0
6345 0
6346 0
6347 0
6348 0
6349 0
6350 0
6351 0
6352 0
6353 0
6354 0
6355 0
6356 0
6357 0
6358 0
6359 0
6360 0
6361 0
6362 0
6363 0
6364 0
6365 0
6366 0
6367 0
6368 0
6369 0
6370 0
6371 0
6372 0
6373 0
6374 0
6375 0
6376 0
6377 0
6378 0
6379 0
6380 0
6381 0
6382 0
6383 0
6384 0
6385 0
6386 0
6387 0
6388 0
6389 0
6390 0
6391 0
6392 0
6393 0
6394 0
6395 0
6396 0
6397 0
6398 0
6399 0
6400 0
6401 0
6402 0
6403 0
6404 0
6405 0
6406 0
6407 0
6408 0
6409 0
6410 0
6411 0
6412 0
6413 0
6414 0
6415 0
6416 0
6417 0
6418 0
6419 0
6420 0
6421 0
6422 0
6423 0
6424 0
6425 0
6426 0
6427 0
6428 0
6429 0
6430 0
6431 0
6432 0
6433 0
6434 0
6435 0
6436 0
6437 0
6438 0
6439 0
6440 0
6441 0
6442 0
6443 0
6444 0
6445 0
6446 0
6447 0
6448 0
6449 0
6450 0
6451 0
6452 0
6453 0
6454 0
6455 0
6456 0
6457 0
6458 0
6459 0
6460 0
6461 0
6462 0
6463 0
6464 0
6465 0
6466 0
6467 0
6468 0
6469 0
6470 0
6471 0
6472 0
6473 0
6474 0
6475 0
6476 0
6477 0
6478 0
6479 0
6480 0
6481 0
6482 0
6483 0
6484 0
6485 0
6486 0
6487 0
6488 0
6489 0
6490 0
6491 0
6492 0
6493 0
6494 0
6495 0
6496 0
6497 0
6498 0
6499 0
6500 0
6501 0
6502 0
6503 0
6504 0
6505 0
6506 0
6507 0
6508 0
6509 0
6510 0
6511 0
6512 0
6513 0
6514 0
6515 0
6516 0
6517 0
6518 0
6519 0
6520 0
6521 0
6522 0
6523 0
6524 0
6525 0
6526 0
6527 0
6528 0
6529 0
6530 0
6531 0
6532 0
6533 0
6534 0
6535 0
6536 0
6537 0
6538 0
6539 0
6540 0
6541 0
6542 0
6543 0
6544 0
6545 0
6546 0
6547 0
6548 0
6549 0
6550 0
6551 0
6552 0
6553 0
6554 0
6555 0
6556 0
6557 0
6558 0
6559 0
6560 0
6561 0
6562 0
6563 0
6564 0
6565 0
6566 0
6567 0
6568 0
6569 0
6570 0
6571 0
6572 0
6573 0
6574 0
6575 0
6576 0
6577 0
6578 0
6579 0
6580 0
6581 0
6582 0
6583 0
6584 0
6585 0
6586 0
6587 0
6588 0
6589 0
6590 0
6591 0
6592 0
6593 0
6594 0
6595 0
6596 0
6597 0
6598 0
6599 0
6600 0
6601 0
6602 0
6603 0
6604 0
6605 0
6606 0
6607 0
6608 0
6609 0
6610 0
6611 0
6612 0
6613 0
6614 0
6615 0
6616 0
6617 0
6618 0
6619 0
6620 0
6621 0
6622 0
6623 0
6624 0
6625 0
6626 0
6627 0
6628 0
6629 0
6630 0
6631 0
6632 0
6633 0
6634 0
6635 0
6636 0
6637 0
6638 0
6639 0
6640 0
6641 0
6642 0
6643 0
6644 0
6645 0
6646 0
6647 0
6648 0
6649 0
6650 0
6651 0
6652 0
6653 0
6654 0
6655 0
6656 0
6657 0
6658 0
6659 0
6660 0
6661 0
6662 0
6663 0
6664 0
6665 0
6666 0
6667 0
6668 0
6669 0
6670 0
6671 0
6672 0
6673 0
6674 0
6675 0
6676 0
6677 0
6678 0
6679 0
6680 0
6681 0
6682 0
6683 0
6684 0
6685 0
6686 0
6687 0
6688 0
6689 0
6690 0
6691 0
6692 0
6693 0
6694 0
6695 0
6696 0
6697 0
6698 0
6699 0
6700 0
6701 0
6702 0
6703 0
6704 0
6705 0
6706 0
6707 0
6708 0
6709 0
6710 0
6711 0
6712 0
6713 0
6714 0
6715 0
6716 0
6717 0
6718 0
6719 0
6720 0
6721 0
6722 0
6723 0
6724 0
6725 0
6726 0
6727 0
6728 0
6729 0
6730 0
6731 0
6732 0
6733 0
6734 0
6735 0
6736 0
6737 0
6738 0
6739 0
6740 0
6741 0
6742 0
6743 0
6744 0
6745 0
6746 0
6747 0
6748 0
6749 0
6750 0
6751 0
6752 0
6753 0
6754 0
6755 0
6756 0
6757 0
6758 0
6759 0
6760 0
6761 0
6762 0
6763 0
6764 0
6765 0
6766 0
6767 0
6768 0
6769 0
6770 0
6771 0
6772 0
6773 0
6774 0
6775 0
6776 0
6777 0
6778 0
6779 0
6780 0
6781 0
6782 0
6783 0
6784 0
6785 0
6786 0
6787 0
6788 0
6789 0
6790 0
6791 0
6792 0
6793 0
6794 0
6795 0
6796 0
6797 0
6798 0
6799 0
6800 0
6801 0
6802 0
6803 0
6804 0
6805 0
6806 0
6807 0
6808 0
6809 0
6810 0
6811 0
6812 0
6813 0
6814 0
6815 0
6816 0
6817 0
6818 0
6819 0
6820 0
6821 0
6822 0
6823 0
6824 0
6825 0
6826 0
6827 0
6828 0
6829 0
6830 0
6831 0
6832 0
6833 0
6834 0
6835 0
6836 0
6837 0
6838 0
6839 0
6840 0
6841 0
6842 0
6843 0
6844 0
6845 0
6846 0
6847 0
6848 0
6849 0
6850 0
6851 0
6852 0
6853 0
6854 0
6855 0
6856 0
6857 0
6858 0
6859 0
6860 0
6861 0
6862 0
6863 0
6864 0
6865 0
6866 0
6867 0
6868 0
6869 0
6870 0
6871 0
6872 0
6873 0
6874 0
6875 0
6876 0
6877 0
6878 0
6879 0
6880 0
6881 0
6882 0
6883 0
6884 0
6885 0
6886 0
6887 0
6888 0
6889 0
6890 0
6891 0
6892 0
6893 0
6894 0
6895 0
6896 0
6897 0
6898 0
6899 0
6900 0
6901 0
6902 0
6903 0
6904 0
6905 0
6906 0
6907 0
6908 0
6909 0
6910 0
6911 0
6912 0
6913 0
6914 0
6915 0
6916 0
6917 0
6918 0
6919 0
6920 0
6921 0
6922 0
6923 0
6924 0
6925 0
6926 0
6927 0
6928 0
6929 0
6930 0
6931 0
6932 0
6933 0
6934 0
6935 0
6936 0
6937 0
6938 0
6939 0
6940 0
6941 0
6942 0
6943 0
6944 0
6945 0
6946 0
6947 0
6948 0
6949 0
6950 0
6951 0
6952 0
6953 0
6954 0
6955 0
6956 0
6957 0
6958 0
6959 0
6960 0
6961 0
6962 0
6963 0
6964 0
6965 0
6966 0
6967 0
6968 0
6969 0
6970 0
6971 0
6972 0
6973 0
6974 0
6975 0
6976 0
6977 0
6978 0
6979 0
6980 0
6981 0
6982 0
6983 0
6984 0
6985 0
6986 0
6987 0
6988 0
6989 0
6990 0
6991 0
6992 0
6993 0
6994 0
6995 0
6996 0
6997 0
6998 0
6999 0
7000 0
7001 0
7002 0
7003 0
7004 0
7005 0
7006 0
7007 0
7008 0
7009 0
7010 0
7011 0
7012 0
7013 0
7014 0
7015 0
7016 0
7017 0
7018 0
7019 0
7020 0
7021 0
7022 0
7023 0
7024 0
7025 0
7026 0
7027 0
7028 0
7029 0
7030 0
7031 0
7032 0
7033 0
7034 0
7035 0
7036 0
7037 0
7038 0
7039 0
7040 0
7041 0
7042 0
7043 0
7044 0
7045 0
7046 0
7047 0
7048 0
7049 0
7050 0
7051 0
7052 0
7053 0
7054 0
7055 0
7056 0
7057 0
7058 0
7059 0
7060 0
7061 0
7062 0
7063 0
7064 0
7065 0
7066 0
7067 0
7068 0
7069 0
7070 0
7071 0
7072 0
7073 0
7074 0
7075 0
7076 0
7077 0
7078 0
7079 0
7080 0
7081 0
7082 0
7083 0
7084 0
7085 0
7086 0
7087 0
7088 0
7089 0
7090 0
7091 0
7092 0
7093 0
7094 0
7095 0
7096 0
7097 0
7098 0
7099 0
7100 0
7101 0
7102 0
7103 0
7104 0
7105 0
7106 0
7107 0
7108 0
7109 0
7110 0
7111 0
7112 0
7113 0
7114 0
7115 0
7116 0
7117 0
7118 0
7119 0
7120 0
7121 0
7122 0
7123 0
7124 0
7125 0
7126 0
7127 0
7128 0
7129 0
7130 0
7131 0
7132 0
7133 0
7134 0
7135 0
7136 0
7137 0
7138 0
7139 0
7140 0
7141 0
7142 0
7143 0
7144 0
7145 0
7146 0
7147 0
7148 0
7149 0
7150 0
7151 0
7152 0
7153 0
7154 0
7155 0
7156 0
7157 0
7158 0
7159 0
7160 0
7161 0
7162 0
7163 0
7164 0
7165 0
7166 0
7167 0
7168 0
7169 0
7170 0
7171 0
7172 0
7173 0
7174 0
7175 0
7176 0
7177 0
7178 0
7179 0
7180 0
7181 0
7182 0
7183 0
7184 0
7185 0
7186 0
7187 0
7188 0
7189 0
7190 0
7191 0
7192 0
7193 0
7194 0
7195 0
7196 0
7197 0
7198 0
7199 0
7200 0
7201 0
7202 0
7203 0
7204 0
7205 0
7206 0
7207 0
7208 0
7209 0
7210 0
7211 0
7212 0
7213 0
7214 0
7215 0
7216 0
7217 0
7218 0
7219 0
7220 0
7221 0
7222 0
7223 0
7224 0
7225 0
7226 0
7227 0
7228 0
7229 0
7230 0
7231 0
7232 0
7233 0
7234 0
7235 0
7236 0
7237 0
7238 0
7239 0
7240 0
7241 0
7242 0
7243 0
7244 0
7245 0
7246 0
7247 0
7248 0
7249 0
7250 0
7251 0
7252 0
7253 0
7254 0
7255 0
7256 0
7257 0
7258 0
7259 0
7260 0
7261 0
7262 0
7263 0
7264 0
7265 0
7266 0
7267 0
7268 0
7269 0
7270 0
7271 0
7272 0
7273 0
7274 0
7275 0
7276 0
7277 0
7278 0
7279 0
7280 0
7281 0
7282 0
7283 0
7284 0
7285 0
7286 0
7287 0
7288 0
7289 0
7290 0
7291 0
7292 0
7293 0
7294 0
7295 0
7296 0
7297 0
7298 0
7299 0
7300 0
7301 0
7302 0
7303 0
7304 0
7305 0
7306 0
7307 0
7308 0
7309 0
7310 0
7311 0
7312 0
7313 0
7314 0
7315 0
7316 0
7317 0
7318 0
7319 0
7320 0
7321 0
7322 0
7323 0
7324 0
7325 0
7326 0
7327 0
7328 0
7329 0
7330 0
7331 0
7332 0
7333 0
7334 0
7335 0
7336 0
7337 0
7338 0
7339 0
7340 0
7341 0
7342 0
7343 0
7344 0
7345 0
7346 0
7347 0
7348 0
7349 0
7350 0
7351 0
7352 0
7353 0
7354 0
7355 0
7356 0
7357 0
7358 0
7359 0
7360 0
7361 0
7362 0
7363 0
7364 0
7365 0
7366 0
7367 0
7368 0
7369 0
7370 0
7371 0
7372 0
7373 0
7374 0
7375 0
7376 0
7377 0
7378 0
7379 0
7380 0
7381 0
7382 0
7383 0
7384 0
7385 0
7386 0
7387 0
7388 0
7389 0
7390 0
7391 0
7392 0
7393 0
7394 0
7395 0
7396 0
7397 0
7398 0
7399 0
7400 0
7401 0
7402 0
7403 0
7404 0
7405 0
7406 0
7407 0
7408 0
7409 0
7410 0
7411 0
7412 0
7413 0
7414 0
7415 0
7416 0
7417 0
7418 0
7419 0
7420 0
7421 0
7422 0
7423 0
7424 0
7425 0
7426 0
7427 0
7428 0
7429 0
7430 0
7431 0
7432 0
7433 0
7434 0
7435 0
7436 0
7437 0
7438 0
7439 0
7440 0
7441 0
7442 0
7443 0
7444 0
7445 0
7446 0
7447 0
7448 0
7449 0
7450 0
7451 0
7452 0
7453 0
7454 0
7455 0
7456 0
7457 0
7458 0
7459 0
7460 0
7461 0
7462 0
7463 0
7464 0
7465 0
7466 0
7467 0
7468 0
7469 0
7470 0
7471 0
7472 0
7473 0
7474 0
7475 0
7476 0
7477 0
7478 0
7479 0
7480 0
7481 0
7482 0
7483 0
7484 0
7485 0
7486 0
7487 0
7488 0
7489 0
7490 0
7491 0
7492 0
7493 0
7494 0
7495 0
7496 0
7497 0
7498 0
7499 0
7500 0
7501 0
7502 0
7503 0
7504 0
7505 0
7506 0
7507 0
7508 0
7509 0
7510 0
7511 0
7512 0
7513 0
7514 0
7515 0
7516 0
7517 0
7518 0
7519 0
7520 0
7521 0
7522 0
7523 0
7524 0
7525 0
7526 0
7527 0
7528 0
7529 0
7530 0
7531 0
7532 0
7533 0
7534 0
7535 0
7536 0
7537 0
7538 0
7539 0
7540 0
7541 0
7542 0
7543 0
7544 0
7545 0
7546 0
7547 0
7548 0
7549 0
7550 0
7551 0
7552 0
7553 0
7554 0
7555 0
7556 0
7557 0
7558 0
7559 0
7560 0
7561 0
7562 0
7563 0
7564 0
7565 0
7566 0
7567 0
7568 0
7569 0
7570 0
7571 0
7572 0
7573 0
7574 0
7575 0
7576 0
7577 0
7578 0
7579 0
7580 0
7581 0
7582 0
7583 0
7584 0
7585 0
7586 0
7587 0
7588 0
7589 0
7590 0
7591 0
7592 0
7593 0
7594 0
7595 0
7596 0
7597 0
7598 0
7599 0
7600 0
7601 0
7602 0
7603 0
7604 0
7605 0
7606 0
7607 0
7608 0
7609 0
7610 0
7611 0
7612 0
7613 0
7614 0
7615 0
7616 0
7617 0
7618 0
7619 0
7620 0
7621 0
7622 0
7623 0
7624 0
7625 0
7626 0
7627 0
7628 0
7629 0
7630 0
7631 0
7632 0
7633 0
7634 0
7635 0
7636 0
7637 0
7638 0
7639 0
7640 0
7641 0
7642 0
7643 0
7644 0
7645 0
7646 0
7647 0
7648 0
7649 0
7650 0
7651 0
7652 0
7653 0
7654 0
7655 0
7656 0
7657 0
7658 0
7659 0
7660 0
7661 0
7662 0
7663 0
7664 0
7665 0
7666 0
7667 0
7668 0
7669 0
7670 0
7671 0
7672 0
7673 0
7674 0
7675 0
7676 0
7677 0
7678 0
7679 0
7680 0
7681 0
7682 0
7683 0
7684 0
7685 0
7686 0
7687 0
7688 0
7689 0
7690 0
7691 0
7692 0
7693 0
7694 0
7695 0
7696 0
7697 0
7698 0
7699 0
7700 0
7701 0
7702 0
7703 0
7704 0
7705 0
7706 0
7707 0
7708 0
7709 0
7710 0
7711 0
7712 0
7713 0
7714 0
7715 0
7716 0
7717 0
7718 0
7719 0
7720 0
7721 0
7722 0
7723 0
7724 0
7725 0
7726 0
7727 0
7728 0
7729 0
7730 0
7731 0
7732 0
7733 0
7734 0
7735 0
7736 0
7737 0
7738 0
7739 0
7740 0
7741 0
7742 0
7743 0
7744 0
7745 0
7746 0
7747 0
7748 0
7749 0
7750 0
7751 0
7752 0
7753 0
7754 0
7755 0
7756 0
7757 0
7758 0
7759 0
7760 0
7761 0
7762 0
7763 0
7764 0
7765 0
7766 0
7767 0
7768 0
7769 0
7770 0
7771 0
7772 0
7773 0
7774 0
7775 0
7776 0
7777 0
7778 0
7779 0
7780 0
7781 0
7782 0
7783 0
7784 0
7785 0
7786 0
7787 0
7788 0
7789 0
7790 0
7791 0
7792 0
7793 0
7794 0
7795 0
7796 0
7797 0
7798 0
7799 0
7800 0
7801 0
7802 0
7803 0
7804 0
7805 0
7806 0
7807 0
7808 0
7809 0
7810 0
7811 0
7812 0
7813 0
7814 0
7815 0
7816 0
7817 0
7818 0
7819 0
7820 0
7821 0
7822 0
7823 0
7824 0
7825 0
7826 0
7827 0
7828 0
7829 0
7830 0
7831 0
7832 0
7833 0
7834 0
7835 0
7836 0
7837 0
7838 0
7839 0
7840 0
7841 0
7842 0
7843 0
7844 0
7845 0
7846 0
7847 0
7848 0
7849 0
7850 0
7851 0
7852 0
7853 0
7854 0
7855 0
7856 0
7857 0
7858 0
7859 0
7860 0
7861 0
7862 0
7863 0
7864 0
7865 0
7866 0
7867 0
7868 0
7869 0
7870 0
7871 0
7872 0
7873 0
7874 0
7875 0
7876 0
7877 0
7878 0
7879 0
7880 0
7881 0
7882 0
7883 0
7884 0
7885 0
7886 0
7887 0
7888 0
7889 0
7890 0
7891 0
7892 0
7893 0
7894 0
7895 0
7896 0
7897 0
7898 0
7899 0
7900 0
7901 0
7902 0
7903 0
7904 0
7905 0
7906 0
7907 0
7908 0
7909 0
7910 0
7911 0
7912 0
7913 0
7914 0
7915 0
7916 0
7917 0
7918 0
7919 0
7920 0
7921 0
7922 0
7923 0
7924 0
7925 0
7926 0
7927 0
7928 0
7929 0
7930 0
7931 0
7932 0
7933 0
7934 0
7935 0
7936 0
7937 0
7938 0
7939 0
7940 0
7941 0
7942 0
7943 0
7944 0
7945 0
7946 0
7947 0
7948 0
7949 0
7950 0
7951 0
7952 0
7953 0
7954 0
7955 0
7956 0
7957 0
7958 0
7959 0
7960 0
7961 0
7962 0
7963 0
7964 0
7965 0
7966 0
7967 0
7968 0
7969 0
7970 0
7971 0
7972 0
7973 0
7974 0
7975 0
7976 0
7977 0
7978 0
7979 0
7980 0
7981 0
7982 0
7983 0
7984 0
7985 0
7986 0
7987 0
7988 0
7989 0
7990 0
7991 0
7992 0
7993 0
7994 0
7995 0
7996 0
7997 0
7998 0
7999 0
8000 0
8001 0
8002 0
8003 0
8004 0
8005 0
8006 0
8007 0
8008 0
8009 0
8010 0
8011 0
8012 0
8013 0
8014 0
8015 0
8016 0
8017 0
8018 0
8019 0
8020 0
8021 0
8022 0
8023 0
8024 0
8025 0
8026 0
8027 0
8028 0
8029 0
8030 0
8031 0
8032 0
8033 0
8034 0
8035 0
8036 0
8037 0
8038 0
8039 0
8040 0
8041 0
8042 0
8043 0
8044 0
8045 0
8046 0
8047 0
8048 0
8049 0
8050 0
8051 0
8052 0
8053 0
8054 0
8055 0
8056 0
8057 0
8058 0
8059 0
8060 0
8061 0
8062 0
8063 0
8064 0
8065 0
8066 0
8067 0
8068 0
8069 0
8070 0
8071 0
8072 0
8073 0
8074 0
8075 0
8076 0
8077 0
8078 0
8079 0
8080 0
8081 0
8082 0
8083 0
8084 0
8085 0
8086 0
8087 0
8088 0
8089 0
8090 0
8091 0
8092 0
8093 0
8094 0
8095 0
8096 0
8097 0
8098 0
8099 0
8100 0
8101 0
8102 0
8103 0
8104 0
8105 0
8106 0
8107 0
8108 0
8109 0
8110 0
8111 0
8112 0
8113 0
8114 0
8115 0
8116 0
8117 0
8118 0
8119 0
8120 0
8121 0
8122 0
8123 0
8124 0
8125 0
8126 0
8127 0
8128 0
8129 0
8130 0
8131 0
8132 0
8133 0
8134 0
8135 0
8136 0
8137 0
8138 0
8139 0
8140 0
8141 0
8142 0
8143 0
8144 0
8145 0
8146 0
8147 0
8148 0
8149 0
8150 0
8151 0
8152 0
8153 0
8154 0
8155 0
8156 0
8157 0
8158 0
8159 0
8160 0
8161 0
8162 0
8163 0
8164 0
8165 0
8166 0
8167 0
8168 0
8169 0
8170 0
8171 0
8172 0
8173 0
8174 0
8175 0
8176 0
8177 0
8178 0
8179 0
8180 0
8181 0
8182 0
8183 0
8184 0
8185 0
8186 0
8187 0
8188 0
8189 0
8190 0
8191 0
