0 1843200
1 3684600
2 19242498
3 31529034
4 31233116
5 30914902
6 30603288
7 30274820
8 29969594
9 29672732
10 29371514
11 29077422
12 28776776
13 28464326
14 28157962
15 27842294
16 27543534
17 27263450
18 26948250
19 26646010
20 26340660
21 26041970
22 25727274
23 25422610
24 25137096
25 24846600
26 24575646
27 24311016
28 24046292
29 23788456
30 23518480
31 23249966
32 23002540
33 22755620
34 22529360
35 22317098
36 22100332
37 21885246
38 21691730
39 21507122
40 21316578
41 21136434
42 20950768
43 20778982
44 20600206
45 20416880
46 20244296
47 20069052
48 19910358
49 19732070
50 19565112
51 19392498
52 19230730
53 19062544
54 18906920
55 18738668
56 18582582
57 18443830
58 18279960
59 18113216
60 17940004
61 17792080
62 17629238
63 17478590
64 17322212
65 17160278
66 17010244
67 16857390
68 16711540
69 16573590
70 16440540
71 16297470
72 16150662
73 16016000
74 15888522
75 15748188
76 15625332
77 15492494
78 15352812
79 15247102
80 15125486
81 14996184
82 14882330
83 14753942
84 14647616
85 14517706
86 14408724
87 14280688
88 14167288
89 14051810
90 13940658
91 13823710
92 13710876
93 13592490
94 13482628
95 13381984
96 13264038
97 13162460
98 13065854
99 12946434
100 12847102
101 12727662
102 12637098
103 12534626
104 12432096
105 12330678
106 12239850
107 12135322
108 12039510
109 11940288
110 11853920
111 11756112
112 11675102
113 11575488
114 11483742
115 11390130
116 11304250
117 11216760
118 11127872
119 11038788
120 10957838
121 10872804
122 10791496
123 10713984
124 10622080
125 10543256
126 10469842
127 10392712
128 10313590
129 10233124
130 10154176
131 10082280
132 10008950
133 9929684
134 9856092
135 9777522
136 9701556
137 9625906
138 9555434
139 9477340
140 9410180
141 9337298
142 9267230
143 9198318
144 9128282
145 9066908
146 8998616
147 8933600
148 8865946
149 8792592
150 8734118
151 8661626
152 8602454
153 8539530
154 8477098
155 8414690
156 8358004
157 8295216
158 8231968
159 8171884
160 8116260
161 8056656
162 7993488
163 7931310
164 7882922
165 7823696
166 7755084
167 7699696
168 7646178
169 7588460
170 7530120
171 7479696
172 7418500
173 7372886
174 7315728
175 7255212
176 7206918
177 7156070
178 7104006
179 7053284
180 7009408
181 6959282
182 6909126
183 6852894
184 6806616
185 6759906
186 6713738
187 6659106
188 6615388
189 6560220
190 6517002
191 6464664
192 6417034
193 6371670
194 6329146
195 6278928
196 6241336
197 6189208
198 6145774
199 6098146
200 6062018
201 6015532
202 5974876
203 5931702
204 5888120
205 5848570
206 5806754
207 5770100
208 5728346
209 5688056
210 5645156
211 5603962
212 5566210
213 5521410
214 5483276
215 5442644
216 5401122
217 5365184
218 5322836
219 5288382
220 5248512
221 5214536
222 5176244
223 5142824
224 5098954
225 5072432
226 5031568
227 4997220
228 4963954
229 4929654
230 4895106
231 4865326
232 4829652
233 4794590
234 4762252
235 4722620
236 4704504
237 4664142
238 4631908
239 4602728
240 4569558
241 4538916
242 4510810
243 4476662
244 4444870
245 4413560
246 4386482
247 4354834
248 4323346
249 4295232
250 4264398
251 4234642
252 4206044
253 4173688
254 4147274
255 4122818
256 4094966
257 4067654
258 4038874
259 4012442
260 3983314
261 3960904
262 3930734
263 3903840
264 3874786
265 3850064
266 3823236
267 3796794
268 3767594
269 3746796
270 3720604
271 3696288
272 3671848
273 3648848
274 3625142
275 3600966
276 3575470
277 3554036
278 3531852
279 3508206
280 3486430
281 3463138
282 3438848
283 3416316
284 3394740
285 3369120
286 3343692
287 3322944
288 3298948
289 3276464
290 3256068
291 3231970
292 3211304
293 3191836
294 3169016
295 3148812
296 3125914
297 3102800
298 3084766
299 3062020
300 3043652
301 3020226
302 3004590
303 2980876
304 2959492
305 2939368
306 2919522
307 2898798
308 2879186
309 2859352
310 2842756
311 2822636
312 2802050
313 2785426
314 2767788
315 2746920
316 2727816
317 2711674
318 2695902
319 2675680
320 2658760
321 2636492
322 2617716
323 2604592
324 2585476
325 2569116
326 2553224
327 2537040
328 2519826
329 2499958
330 2484494
331 2469288
332 2450194
333 2434880
334 2416336
335 2404470
336 2386512
337 2372848
338 2355888
339 2337624
340 2322346
341 2310556
342 2292258
343 2278374
344 2262660
345 2243608
346 2228436
347 2216240
348 2200750
349 2183588
350 2173526
351 2157122
352 2139078
353 2130080
354 2113124
355 2102416
356 2089372
357 2071420
358 2057750
359 2046390
360 2032328
361 2015792
362 2002906
363 1993544
364 1978088
365 1964842
366 1948996
367 1938330
368 1926732
369 1915986
370 1899320
371 1888686
372 1874176
373 1862848
374 1848764
375 1836856
376 1824804
377 1811140
378 1799380
379 1787558
380 1775294
381 1763000
382 1750856
383 1738642
384 1728452
385 1715970
386 1705210
387 1692946
388 1679334
389 1668570
390 1658306
391 1647910
392 1635270
393 1623970
394 1611238
395 1602626
396 1590090
397 1578638
398 1567694
399 1558436
400 1545522
401 1534868
402 1524928
403 1512302
404 1504566
405 1494444
406 1484018
407 1473216
408 1464252
409 1453806
410 1443000
411 1433898
412 1423784
413 1411586
414 1403618
415 1394502
416 1385852
417 1376806
418 1367642
419 1356946
420 1347774
421 1339544
422 1329860
423 1322146
424 1312654
425 1303490
426 1293782
427 1285578
428 1275266
429 1268848
430 1260872
431 1252626
432 1244814
433 1231292
434 1225790
435 1219296
436 1210778
437 1200104
438 1192846
439 1183472
440 1176118
441 1170222
442 1160784
443 1152018
444 1144504
445 1135166
446 1128336
447 1119968
448 1111246
449 1104766
450 1096600
451 1090238
452 1081820
453 1072810
454 1066906
455 1059432
456 1051986
457 1045202
458 1038120
459 1030048
460 1023038
461 1016836
462 1007758
463 1002000
464 995354
465 987110
466 979266
467 973756
468 965606
469 958830
470 954956
471 944990
472 940012
473 931612
474 926634
475 921100
476 913682
477 907988
478 900662
479 894246
480 889354
481 880896
482 875874
483 868950
484 864570
485 857874
486 852650
487 846846
488 840064
489 833400
490 828650
491 822814
492 818196
493 811488
494 806174
495 800078
496 793468
497 790244
498 782002
499 778014
500 772338
501 766744
502 762582
503 755060
504 750148
505 745228
506 741422
507 735414
508 729820
509 726218
510 720392
511 714518
512 709402
513 705484
514 699668
515 696706
516 690480
517 684932
518 680922
519 676088
520 670460
521 666628
522 661270
523 656526
524 651484
525 648754
526 643202
527 639174
528 634880
529 629944
530 627022
531 624000
532 618594
533 613538
534 610014
535 606556
536 602484
537 599054
538 595160
539 590342
540 588008
541 583874
542 580546
543 576518
544 572638
545 569142
546 564578
547 561210
548 556944
549 555068
550 549886
551 546672
552 543434
553 539042
554 537458
555 533408
556 528664
557 525002
558 522948
559 518634
560 516124
561 511030
562 507812
563 505528
564 500838
565 497776
566 495546
567 492448
568 488470
569 485074
570 481654
571 478378
572 476106
573 472862
574 468422
575 467442
576 462932
577 459722
578 457142
579 453766
580 451344
581 448300
582 444612
583 442020
584 439062
585 436868
586 434654
587 429350
588 427110
589 423928
590 422076
591 416978
592 415676
593 412308
594 409076
595 406730
596 404354
597 402796
598 399014
599 395672
600 394182
601 391024
602 387034
603 384448
604 382454
605 379356
606 377060
607 373846
608 371388
609 368592
610 367456
611 364464
612 360706
613 358898
614 356814
615 354150
616 350712
617 348232
618 346306
619 342768
620 341236
621 339018
622 336902
623 334384
624 331596
625 328522
626 326600
627 324138
628 322360
629 319656
630 317342
631 316398
632 312750
633 310670
634 308758
635 304398
636 302630
637 300368
638 297238
639 295120
640 293216
641 290842
642 288278
643 286528
644 284738
645 281966
646 279906
647 277502
648 275070
649 272874
650 270494
651 268154
652 266750
653 263856
654 261398
655 259810
656 257178
657 255508
658 253552
659 251156
660 249430
661 246652
662 245178
663 242942
664 241366
665 238960
666 236956
667 235554
668 232698
669 230986
670 229320
671 227306
672 225680
673 223404
674 221868
675 220122
676 217822
677 216656
678 215038
679 213364
680 210660
681 209092
682 207450
683 205234
684 204544
685 202466
686 200724
687 199214
688 196964
689 195688
690 195112
691 193530
692 191430
693 189398
694 188208
695 186324
696 185740
697 183952
698 182702
699 180600
700 179202
701 177782
702 176536
703 174612
704 172962
705 171644
706 170420
707 168494
708 167278
709 166312
710 164636
711 163728
712 162104
713 161120
714 159554
715 158368
716 157322
717 155144
718 154734
719 152998
720 151474
721 150160
722 149026
723 146984
724 145780
725 144476
726 143548
727 142402
728 140762
729 140212
730 138852
731 137750
732 136620
733 135336
734 134836
735 133154
736 132382
737 131656
738 130272
739 129340
740 128208
741 126836
742 126462
743 125356
744 123960
745 123314
746 121756
747 121266
748 119866
749 119114
750 118144
751 116642
752 116436
753 115072
754 114494
755 113466
756 112576
757 110974
758 109866
759 109348
760 108284
761 107306
762 106438
763 105398
764 104628
765 103458
766 103006
767 101794
768 100588
769 100222
770 98938
771 97974
772 97216
773 96708
774 96074
775 94884
776 94300
777 93560
778 93080
779 92042
780 91512
781 90302
782 90094
783 89182
784 88082
785 87530
786 86616
787 85980
788 85086
789 84626
790 83622
791 82722
792 82102
793 81914
794 80894
795 80344
796 79534
797 79532
798 78394
799 77838
800 76638
801 76096
802 75348
803 74624
804 74302
805 73490
806 73148
807 72234
808 71884
809 71046
810 70942
811 70124
812 69014
813 68940
814 68410
815 67692
816 67180
817 66694
818 66018
819 65462
820 64994
821 64602
822 64084
823 63548
824 62692
825 62278
826 61694
827 61184
828 61294
829 60450
830 59728
831 59094
832 58922
833 58302
834 58226
835 57378
836 56822
837 56502
838 56088
839 55362
840 55068
841 54892
842 54646
843 54380
844 53252
845 52938
846 52668
847 52344
848 51646
849 51154
850 51190
851 50274
852 50240
853 49650
854 49062
855 48644
856 48192
857 47862
858 47554
859 47098
860 46736
861 46098
862 46078
863 45370
864 45748
865 44764
866 44736
867 44508
868 43668
869 43444
870 43118
871 42628
872 42270
873 41990
874 41998
875 41320
876 41262
877 40836
878 40058
879 40192
880 39732
881 39576
882 39188
883 38748
884 38656
885 38182
886 37844
887 37354
888 37108
889 37010
890 36530
891 36142
892 36140
893 35816
894 35524
895 34956
896 35036
897 34500
898 34364
899 33844
900 33578
901 33034
902 32742
903 32696
904 32430
905 31910
906 31702
907 31434
908 31222
909 30704
910 30640
911 30256
912 29956
913 29692
914 29366
915 29212
916 28916
917 28630
918 28156
919 28274
920 27994
921 27766
922 27468
923 27164
924 27100
925 26872
926 26782
927 26500
928 26056
929 25796
930 25672
931 25396
932 25240
933 25164
934 25076
935 24782
936 24696
937 24526
938 24266
939 24140
940 23866
941 23752
942 23456
943 23164
944 22862
945 22818
946 22568
947 22512
948 22464
949 22002
950 21814
951 21908
952 21712
953 21354
954 21292
955 21082
956 20818
957 20794
958 20526
959 20432
960 20306
961 20216
962 19936
963 19878
964 19718
965 19446
966 19430
967 19180
968 18962
969 18708
970 18672
971 18392
972 18384
973 18232
974 17898
975 17790
976 17564
977 17472
978 17214
979 16940
980 17036
981 16710
982 16680
983 16324
984 16232
985 16024
986 15900
987 15684
988 15574
989 15342
990 15186
991 15154
992 14874
993 14836
994 14734
995 14534
996 14430
997 14194
998 14192
999 13888
1000 13862
1001 13660
1002 13494
1003 13318
1004 13266
1005 13034
1006 13048
1007 12802
1008 12772
1009 12610
1010 12524
1011 12322
1012 12116
1013 11998
1014 12028
1015 11818
1016 11668
1017 11598
1018 11344
1019 11152
1020 11092
1021 10980
1022 10878
1023 10844
1024 10578
1025 10472
1026 10286
1027 10164
1028 10136
1029 9912
1030 9914
1031 9742
1032 9632
1033 9462
1034 9418
1035 9364
1036 9126
1037 9104
1038 9010
1039 8778
1040 8838
1041 8686
1042 8558
1043 8378
1044 8380
1045 8162
1046 8196
1047 8022
1048 7938
1049 7756
1050 7682
1051 7724
1052 7606
1053 7550
1054 7356
1055 7414
1056 7268
1057 7160
1058 7088
1059 6996
1060 6960
1061 6850
1062 6698
1063 6554
1064 6562
1065 6490
1066 6366
1067 6258
1068 6232
1069 6224
1070 6138
1071 6042
1072 6036
1073 5890
1074 5836
1075 5878
1076 5784
1077 5672
1078 5682
1079 5534
1080 5556
1081 5442
1082 5390
1083 5444
1084 5398
1085 5264
1086 5286
1087 5220
1088 5028
1089 5092
1090 5084
1091 4990
1092 4888
1093 4884
1094 4840
1095 4788
1096 4772
1097 4774
1098 4706
1099 4582
1100 4536
1101 4576
1102 4418
1103 4384
1104 4400
1105 4348
1106 4254
1107 4214
1108 4172
1109 4148
1110 4084
1111 4096
1112 3992
1113 3952
1114 3922
1115 3880
1116 3856
1117 3764
1118 3662
1119 3760
1120 3620
1121 3542
1122 3558
1123 3574
1124 3494
1125 3398
1126 3418
1127 3378
1128 3366
1129 3254
1130 3232
1131 3176
1132 3178
1133 3142
1134 3108
1135 3038
1136 3070
1137 3030
1138 3022
1139 2930
1140 2946
1141 2988
1142 2920
1143 2904
1144 2788
1145 2748
1146 2768
1147 2718
1148 2648
1149 2656
1150 2656
1151 2586
1152 2560
1153 2544
1154 2544
1155 2482
1156 2426
1157 2390
1158 2346
1159 2304
1160 2322
1161 2226
1162 2226
1163 2198
1164 2178
1165 2094
1166 2132
1167 2026
1168 2078
1169 2004
1170 2064
1171 1930
1172 1972
1173 1924
1174 1886
1175 1824
1176 1806
1177 1760
1178 1770
1179 1770
1180 1742
1181 1716
1182 1680
1183 1696
1184 1642
1185 1650
1186 1660
1187 1620
1188 1552
1189 1558
1190 1520
1191 1554
1192 1512
1193 1532
1194 1488
1195 1504
1196 1462
1197 1408
1198 1428
1199 1408
1200 1412
1201 1378
1202 1358
1203 1354
1204 1298
1205 1282
1206 1268
1207 1222
1208 1230
1209 1218
1210 1194
1211 1164
1212 1166
1213 1106
1214 1108
1215 1084
1216 1056
1217 1048
1218 986
1219 1000
1220 986
1221 956
1222 960
1223 926
1224 950
1225 892
1226 876
1227 850
1228 882
1229 798
1230 828
1231 796
1232 752
1233 760
1234 758
1235 726
1236 704
1237 702
1238 676
1239 658
1240 680
1241 640
1242 668
1243 618
1244 618
1245 626
1246 592
1247 586
1248 574
1249 580
1250 584
1251 562
1252 550
1253 566
1254 554
1255 498
1256 514
1257 500
1258 498
1259 480
1260 490
1261 472
1262 442
1263 416
1264 414
1265 418
1266 400
1267 384
1268 394
1269 368
1270 372
1271 336
1272 358
1273 316
1274 334
1275 336
1276 314
1277 290
1278 272
1279 276
1280 256
1281 244
1282 248
1283 234
1284 228
1285 214
1286 210
1287 196
1288 166
1289 158
1290 162
1291 164
1292 158
1293 138
1294 126
1295 122
1296 104
1297 94
1298 92
1299 80
1300 78
1301 82
1302 80
1303 68
1304 64
1305 48
1306 40
1307 30
1308 30
1309 26
1310 22
1311 14
1312 6
1313 4
1314 0
1315 0
1316 0
1317 0
1318 0
1319 0
1320 0
1321 0
1322 0
1323 0
1324 0
1325 0
1326 0
1327 0
1328 0
1329 0
1330 0
1331 0
1332 0
1333 0
1334 0
1335 0
1336 0
1337 0
1338 0
1339 0
1340 0
1341 0
1342 0
1343 0
1344 0
1345 0
1346 0
1347 0
1348 0
1349 0
1350 0
1351 0
1352 0
1353 0
1354 0
1355 0
1356 0
1357 0
1358 0
1359 0
1360 0
1361 0
1362 0
1363 0
1364 0
1365 0
1366 0
1367 0
1368 0
1369 0
1370 0
1371 0
1372 0
1373 0
1374 0
1375 0
1376 0
1377 0
1378 0
1379 0
1380 0
1381 0
1382 0
1383 0
1384 0
1385 0
1386 0
1387 0
1388 0
1389 0
1390 0
1391 0
1392 0
1393 0
1394 0
1395 0
1396 0
1397 0
1398 0
1399 0
1400 0
1401 0
1402 0
1403 0
1404 0
1405 0
1406 0
1407 0
1408 0
1409 0
1410 0
1411 0
1412 0
1413 0
1414 0
1415 0
1416 0
1417 0
1418 0
1419 0
1420 0
1421 0
1422 0
1423 0
1424 0
1425 0
1426 0
1427 0
1428 0
1429 0
1430 0
1431 0
1432 0
1433 0
1434 0
1435 0
1436 0
1437 0
1438 0
1439 0
1440 0
1441 0
1442 0
1443 0
1444 0
1445 0
1446 0
1447 0
1448 0
1449 0
1450 0
1451 0
1452 0
1453 0
1454 0
1455 0
1456 0
1457 0
1458 0
1459 0
1460 0
1461 0
1462 0
1463 0
1464 0
1465 0
1466 0
1467 0
1468 0
1469 0
1470 0
1471 0
1472 0
1473 0
1474 0
1475 0
1476 0
1477 0
1478 0
1479 0
1480 0
1481 0
1482 0
1483 0
1484 0
1485 0
1486 0
1487 0
1488 0
1489 0
1490 0
1491 0
1492 0
1493 0
1494 0
1495 0
1496 0
1497 0
1498 0
1499 0
1500 0
1501 0
1502 0
1503 0
1504 0
1505 0
1506 0
1507 0
1508 0
1509 0
1510 0
1511 0
1512 0
1513 0
1514 0
1515 0
1516 0
1517 0
1518 0
1519 0
1520 0
1521 0
1522 0
1523 0
1524 0
1525 0
1526 0
1527 0
1528 0
1529 0
1530 0
1531 0
1532 0
1533 0
1534 0
1535 0
1536 0
1537 0
1538 0
1539 0
1540 0
1541 0
1542 0
1543 0
1544 0
1545 0
1546 0
1547 0
1548 0
1549 0
1550 0
1551 0
1552 0
1553 0
1554 0
1555 0
1556 0
1557 0
1558 0
1559 0
1560 0
1561 0
1562 0
1563 0
1564 0
1565 0
1566 0
1567 0
1568 0
1569 0
1570 0
1571 0
1572 0
1573 0
1574 0
1575 0
1576 0
1577 0
1578 0
1579 0
1580 0
1581 0
1582 0
1583 0
1584 0
1585 0
1586 0
1587 0
1588 0
1589 0
1590 0
1591 0
1592 0
1593 0
1594 0
1595 0
1596 0
1597 0
1598 0
1599 0
1600 0
1601 0
1602 0
1603 0
1604 0
1605 0
1606 0
1607 0
1608 0
1609 0
1610 0
1611 0
1612 0
1613 0
1614 0
1615 0
1616 0
1617 0
1618 0
1619 0
1620 0
1621 0
1622 0
1623 0
1624 0
1625 0
1626 0
1627 0
1628 0
1629 0
1630 0
1631 0
1632 0
1633 0
1634 0
1635 0
1636 0
1637 0
1638 0
1639 0
1640 0
1641 0
1642 0
1643 0
1644 0
1645 0
1646 0
1647 0
1648 0
1649 0
1650 0
1651 0
1652 0
1653 0
1654 0
1655 0
1656 0
1657 0
1658 0
1659 0
1660 0
1661 0
1662 0
1663 0
1664 0
1665 0
1666 0
1667 0
1668 0
1669 0
1670 0
1671 0
1672 0
1673 0
1674 0
1675 0
1676 0
1677 0
1678 0
1679 0
1680 0
1681 0
1682 0
1683 0
1684 0
1685 0
1686 0
1687 0
1688 0
1689 0
1690 0
1691 0
1692 0
1693 0
1694 0
1695 0
1696 0
1697 0
1698 0
1699 0
1700 0
1701 0
1702 0
1703 0
1704 0
1705 0
1706 0
1707 0
1708 0
1709 0
1710 0
1711 0
1712 0
1713 0
1714 0
1715 0
1716 0
1717 0
1718 0
1719 0
1720 0
1721 0
1722 0
1723 0
1724 0
1725 0
1726 0
1727 0
1728 0
1729 0
1730 0
1731 0
1732 0
1733 0
1734 0
1735 0
1736 0
1737 0
1738 0
1739 0
1740 0
1741 0
1742 0
1743 0
1744 0
1745 0
1746 0
1747 0
1748 0
1749 0
1750 0
1751 0
1752 0
1753 0
1754 0
1755 0
1756 0
1757 0
1758 0
1759 0
1760 0
1761 0
1762 0
1763 0
1764 0
1765 0
1766 0
1767 0
1768 0
1769 0
1770 0
1771 0
1772 0
1773 0
1774 0
1775 0
1776 0
1777 0
1778 0
1779 0
1780 0
1781 0
1782 0
1783 0
1784 0
1785 0
1786 0
1787 0
1788 0
1789 0
1790 0
1791 0
1792 0
1793 0
1794 0
1795 0
1796 0
1797 0
1798 0
1799 0
1800 0
1801 0
1802 0
1803 0
1804 0
1805 0
1806 0
1807 0
1808 0
1809 0
1810 0
1811 0
1812 0
1813 0
1814 0
1815 0
1816 0
1817 0
1818 0
1819 0
1820 0
1821 0
1822 0
1823 0
1824 0
1825 0
1826 0
1827 0
1828 0
1829 0
1830 0
1831 0
1832 0
1833 0
1834 0
1835 0
1836 0
1837 0
1838 0
1839 0
1840 0
1841 0
1842 0
1843 0
1844 0
1845 0
1846 0
1847 0
1848 0
1849 0
1850 0
1851 0
1852 0
1853 0
1854 0
1855 0
1856 0
1857 0
1858 0
1859 0
1860 0
1861 0
1862 0
1863 0
1864 0
1865 0
1866 0
1867 0
1868 0
1869 0
1870 0
1871 0
1872 0
1873 0
1874 0
1875 0
1876 0
1877 0
1878 0
1879 0
1880 0
1881 0
1882 0
1883 0
1884 0
1885 0
1886 0
1887 0
1888 0
1889 0
1890 0
1891 0
1892 0
1893 0
1894 0
1895 0
1896 0
1897 0
1898 0
1899 0
1900 0
1901 0
1902 0
1903 0
1904 0
1905 0
1906 0
1907 0
1908 0
1909 0
1910 0
1911 0
1912 0
1913 0
1914 0
1915 0
1916 0
1917 0
1918 0
1919 0
1920 0
1921 0
1922 0
1923 0
1924 0
1925 0
1926 0
1927 0
1928 0
1929 0
1930 0
1931 0
1932 0
1933 0
1934 0
1935 0
1936 0
1937 0
1938 0
1939 0
1940 0
1941 0
1942 0
1943 0
1944 0
1945 0
1946 0
1947 0
1948 0
1949 0
1950 0
1951 0
1952 0
1953 0
1954 0
1955 0
1956 0
1957 0
1958 0
1959 0
1960 0
1961 0
1962 0
1963 0
1964 0
1965 0
1966 0
1967 0
1968 0
1969 0
1970 0
1971 0
1972 0
1973 0
1974 0
1975 0
1976 0
1977 0
1978 0
1979 0
1980 0
1981 0
1982 0
1983 0
1984 0
1985 0
1986 0
1987 0
1988 0
1989 0
1990 0
1991 0
1992 0
1993 0
1994 0
1995 0
1996 0
1997 0
1998 0
1999 0
2000 0
2001 0
2002 0
2003 0
2004 0
2005 0
2006 0
2007 0
2008 0
2009 0
2010 0
2011 0
2012 0
2013 0
2014 0
2015 0
2016 0
2017 0
2018 0
2019 0
2020 0
2021 0
2022 0
2023 0
2024 0
2025 0
2026 0
2027 0
2028 0
2029 0
2030 0
2031 0
2032 0
2033 0
2034 0
2035 0
2036 0
2037 0
2038 0
2039 0
2040 0
2041 0
2042 0
2043 0
2044 0
2045 0
2046 0
2047 0
