0 614400
1 1225600
2 1827912
3 2418616
4 2991848
5 3539694
6 4062012
7 4551296
8 5010686
9 5435574
10 5830134
11 6180704
12 6490864
13 6756694
14 6977746
15 7156444
16 7294902
17 7389440
18 7432246
19 7435022
20 7397416
21 7324484
22 7218074
23 7084632
24 6919114
25 6728108
26 6515522
27 6287004
28 6044758
29 5787822
30 5518510
31 5239810
32 4953480
33 4664084
34 4369466
35 4077510
36 3790806
37 3514576
38 3240040
39 2981274
40 2733036
41 2497120
42 2274646
43 2064442
44 1867898
45 1685122
46 1517250
47 1362038
48 1221306
49 1090252
50 970230
51 861450
52 761964
53 670008
54 588050
55 514584
56 447278
57 387440
58 333428
59 286306
60 243668
61 206892
62 176148
63 149810
64 125458
65 105806
66 89138
67 75198
68 63268
69 52782
70 43930
71 35954
72 29266
73 23794
74 19312
75 15714
76 12810
77 10040
78 7858
79 6192
80 4884
81 3706
82 2846
83 2238
84 1852
85 1564
86 1344
87 1162
88 1004
89 846
90 720
91 584
92 440
93 352
94 278
95 220
96 154
97 90
98 54
99 34
100 14
101 4
102 0
103 0
104 0
105 0
106 0
107 0
108 0
109 0
110 0
111 0
112 0
113 0
114 0
115 0
116 0
117 0
118 0
119 0
120 0
121 0
122 0
123 0
124 0
125 0
126 0
127 0
128 0
129 0
130 0
131 0
132 0
133 0
134 0
135 0
136 0
137 0
138 0
139 0
140 0
141 0
142 0
143 0
144 0
145 0
146 0
147 0
148 0
149 0
150 0
151 0
152 0
153 0
154 0
155 0
156 0
157 0
158 0
159 0
160 0
161 0
162 0
163 0
164 0
165 0
166 0
167 0
168 0
169 0
170 0
171 0
172 0
173 0
174 0
175 0
176 0
177 0
178 0
179 0
180 0
181 0
182 0
183 0
184 0
185 0
186 0
187 0
188 0
189 0
190 0
191 0
192 0
193 0
194 0
195 0
196 0
197 0
198 0
199 0
200 0
201 0
202 0
203 0
204 0
205 0
206 0
207 0
208 0
209 0
210 0
211 0
212 0
213 0
214 0
215 0
216 0
217 0
218 0
219 0
220 0
221 0
222 0
223 0
224 0
225 0
226 0
227 0
228 0
229 0
230 0
231 0
232 0
233 0
234 0
235 0
236 0
237 0
238 0
239 0
240 0
241 0
242 0
243 0
244 0
245 0
246 0
247 0
248 0
249 0
250 0
251 0
252 0
253 0
254 0
255 0
256 0
257 0
258 0
259 0
260 0
261 0
262 0
263 0
264 0
265 0
266 0
267 0
268 0
269 0
270 0
271 0
272 0
273 0
274 0
275 0
276 0
277 0
278 0
279 0
280 0
281 0
282 0
283 0
284 0
285 0
286 0
287 0
288 0
289 0
290 0
291 0
292 0
293 0
294 0
295 0
296 0
297 0
298 0
299 0
300 0
301 0
302 0
303 0
304 0
305 0
306 0
307 0
308 0
309 0
310 0
311 0
312 0
313 0
314 0
315 0
316 0
317 0
318 0
319 0
320 0
321 0
322 0
323 0
324 0
325 0
326 0
327 0
328 0
329 0
330 0
331 0
332 0
333 0
334 0
335 0
336 0
337 0
338 0
339 0
340 0
341 0
342 0
343 0
344 0
345 0
346 0
347 0
348 0
349 0
350 0
351 0
352 0
353 0
354 0
355 0
356 0
357 0
358 0
359 0
360 0
361 0
362 0
363 0
364 0
365 0
366 0
367 0
368 0
369 0
370 0
371 0
372 0
373 0
374 0
375 0
376 0
377 0
378 0
379 0
380 0
381 0
382 0
383 0
