0 204800
1 406400
2 599462
3 781684
4 948342
5 1094750
6 1218246
7 1317602
8 1390936
9 1436002
10 1455928
11 1452488
12 1425582
13 1380878
14 1319506
15 1242064
16 1151238
17 1053260
18 952108
19 850292
20 751090
21 656914
22 568234
23 485062
24 409168
25 340250
26 279652
27 228088
28 184308
29 147392
30 116276
31 90272
32 70050
33 53910
34 41330
35 31768
36 24066
37 17756
38 12680
39 8700
40 5890
41 3890
42 2532
43 1568
44 942
45 552
46 258
47 120
48 62
49 24
50 10
51 8
52 6
53 4
54 0
55 0
56 0
57 0
58 0
59 0
60 0
61 0
62 0
63 0
64 0
65 0
66 0
67 0
68 0
69 0
70 0
71 0
72 0
73 0
74 0
75 0
76 0
77 0
78 0
79 0
80 0
81 0
82 0
83 0
84 0
85 0
86 0
87 0
88 0
89 0
90 0
91 0
92 0
93 0
94 0
95 0
96 0
97 0
98 0
99 0
100 0
101 0
102 0
103 0
104 0
105 0
106 0
107 0
108 0
109 0
110 0
111 0
112 0
113 0
114 0
115 0
116 0
117 0
118 0
119 0
120 0
121 0
122 0
123 0
124 0
125 0
126 0
127 0
