0 409600
1 816000
2 1213690
3 1598874
4 1967286
5 2314694
6 2638850
7 2933354
8 3192790
9 3417752
10 3608734
11 3763464
12 3885644
13 3975296
14 4026582
15 4043436
16 4027770
17 3979184
18 3902954
19 3802114
20 3687656
21 3553582
22 3403684
23 3236772
24 3063162
25 2883688
26 2701706
27 2515222
28 2325392
29 2136760
30 1949836
31 1769986
32 1596746
33 1430150
34 1274288
35 1128984
36 994102
37 870870
38 759020
39 655874
40 563268
41 481600
42 409316
43 346398
44 292030
45 245382
46 205144
47 169386
48 138522
49 112916
50 92306
51 75318
52 60888
53 49138
54 39430
55 31186
56 24320
57 18786
58 14002
59 10154
60 7216
61 5074
62 3422
63 2300
64 1586
65 1046
66 712
67 470
68 328
69 196
70 124
71 56
72 20
73 12
74 0
75 0
76 0
77 0
78 0
79 0
80 0
81 0
82 0
83 0
84 0
85 0
86 0
87 0
88 0
89 0
90 0
91 0
92 0
93 0
94 0
95 0
96 0
97 0
98 0
99 0
100 0
101 0
102 0
103 0
104 0
105 0
106 0
107 0
108 0
109 0
110 0
111 0
112 0
113 0
114 0
115 0
116 0
117 0
118 0
119 0
120 0
121 0
122 0
123 0
124 0
125 0
126 0
127 0
128 0
129 0
130 0
131 0
132 0
133 0
134 0
135 0
136 0
137 0
138 0
139 0
140 0
141 0
142 0
143 0
144 0
145 0
146 0
147 0
148 0
149 0
150 0
151 0
152 0
153 0
154 0
155 0
156 0
157 0
158 0
159 0
160 0
161 0
162 0
163 0
164 0
165 0
166 0
167 0
168 0
169 0
170 0
171 0
172 0
173 0
174 0
175 0
176 0
177 0
178 0
179 0
180 0
181 0
182 0
183 0
184 0
185 0
186 0
187 0
188 0
189 0
190 0
191 0
192 0
193 0
194 0
195 0
196 0
197 0
198 0
199 0
200 0
201 0
202 0
203 0
204 0
205 0
206 0
207 0
208 0
209 0
210 0
211 0
212 0
213 0
214 0
215 0
216 0
217 0
218 0
219 0
220 0
221 0
222 0
223 0
224 0
225 0
226 0
227 0
228 0
229 0
230 0
231 0
232 0
233 0
234 0
235 0
236 0
237 0
238 0
239 0
240 0
241 0
242 0
243 0
244 0
245 0
246 0
247 0
248 0
249 0
250 0
251 0
252 0
253 0
254 0
255 0
